妙蛙种子,3,9,45,49,49,65,65,45,65,34,34,1
妙蛙草,3,9,60,62,63,80,80,60,65,34,34,2
妙蛙花,3,9,80,82,83,100,100,80,65,34,34,3
超级妙蛙花,3,9,80,100,123,122,120,80,47,47,47,3
妙蛙花,3,9,80,82,83,100,100,80,65,34,34,3
小火龙,1,1,39,52,43,60,50,65,66,94,94,4
火恐龙,1,1,58,64,58,80,65,80,66,94,94,5
喷火龙,1,7,78,84,78,109,85,100,66,94,94,6
超级喷火龙X,1,17,78,130,111,130,85,100,181,181,181,6
超级喷火龙Y,1,7,78,104,78,159,115,100,70,70,70,6
喷火龙,1,7,78,84,78,109,85,100,66,94,94,6
杰尼龟,2,2,44,48,65,50,64,43,67,44,44,7
卡咪龟,2,2,59,63,80,65,80,58,67,44,44,8
水箭龟,2,2,79,83,100,85,105,78,67,44,44,9
超级水箭龟,2,2,79,103,120,135,115,78,178,178,178,9
水箭龟,2,2,79,83,100,85,105,78,67,44,44,9
绿毛虫,8,8,45,30,35,20,20,45,19,50,50,10
铁甲蛹,8,8,50,20,55,25,25,30,61,61,61,11
巴大蝶,8,7,60,45,50,90,80,70,14,110,110,12
巴大蝶,8,7,60,45,50,90,80,70,14,110,110,12
独角虫,8,9,40,35,30,20,20,50,19,50,50,13
铁壳蛹,8,9,45,25,50,25,25,35,61,61,61,14
大针蜂,8,9,65,90,40,45,80,75,68,97,97,15
超级大针蜂,8,9,65,150,40,15,80,145,91,91,91,15
波波,5,7,40,45,40,35,35,56,51,77,145,16
比比鸟,5,7,63,60,55,50,50,71,51,77,145,17
大比鸟,5,7,83,80,75,70,70,101,51,77,145,18
超级大比鸟,5,7,83,80,80,135,80,121,99,99,99,18
小拉达,5,5,30,56,35,25,35,72,50,62,55,19
小拉达-阿罗拉的样子,15,5,30,56,35,25,35,72,82,55,47,19
拉达,5,5,55,81,60,50,70,97,50,62,55,20
拉达-阿罗拉的样子,15,5,75,71,70,40,80,77,82,55,47,20
拉达-阿罗拉的样子-霸主,15,5,75,71,70,40,80,77,47,47,47,20
烈雀,5,7,40,60,30,31,31,70,51,97,97,21
大嘴雀,5,7,65,90,65,61,61,100,51,97,97,22
阿柏蛇,9,9,35,60,44,40,54,55,22,61,127,23
阿柏怪,9,9,60,95,69,65,79,80,22,61,127,24
皮卡丘,4,4,35,55,40,50,50,90,9,31,31,25
Pikachu-Cosplay,4,4,35,55,40,50,50,90,31,31,31,25
Pikachu-Rock-Star,4,4,35,55,40,50,50,90,31,31,31,25
Pikachu-Belle,4,4,35,55,40,50,50,90,31,31,31,25
Pikachu-Pop-Star,4,4,35,55,40,50,50,90,31,31,31,25
Pikachu-PhD,4,4,35,55,40,50,50,90,31,31,31,25
Pikachu-Libre,4,4,35,55,40,50,50,90,31,31,31,25
皮卡丘-初始帽子,4,4,35,55,40,50,50,90,9,31,31,25
皮卡丘-丰缘帽子,4,4,35,55,40,50,50,90,9,31,31,25
皮卡丘-神奥帽子,4,4,35,55,40,50,50,90,9,31,31,25
皮卡丘-合众帽子,4,4,35,55,40,50,50,90,9,31,31,25
皮卡丘-卡洛斯帽子,4,4,35,55,40,50,50,90,9,31,31,25
皮卡丘-阿罗拉帽子,4,4,35,55,40,50,50,90,9,31,31,25
Pikachu-Partner,4,4,35,55,40,50,50,90,9,31,31,25
Pikachu-Starter,4,4,45,80,50,75,60,120,9,31,31,25
皮卡丘-超极巨化,4,4,35,55,40,50,50,90,9,31,31,25
皮卡丘-世界帽子,4,4,35,55,40,50,50,90,9,31,31,25
雷丘,4,4,60,90,55,90,80,110,9,31,31,26
雷丘-阿罗拉的样子,4,14,60,85,50,95,85,110,207,207,207,26
穿山鼠,11,11,50,75,85,20,30,40,8,146,146,27
穿山鼠-阿罗拉的样子,13,12,50,75,90,10,35,40,81,202,202,27
穿山王,11,11,75,100,110,45,55,65,8,146,146,28
穿山王-阿罗拉的样子,13,12,75,100,120,25,65,65,81,202,202,28
尼多兰,9,9,55,47,52,40,40,41,38,79,55,29
尼多娜,9,9,70,62,67,55,55,56,38,79,55,30
尼多后,9,11,90,92,87,75,85,76,38,79,125,31
尼多朗,9,9,46,57,40,40,40,50,38,79,55,32
尼多力诺,9,9,61,72,57,55,55,65,38,79,55,33
尼多王,9,11,81,102,77,85,75,85,38,79,125,34
皮皮,18,18,70,45,48,60,65,35,56,98,132,35
皮可西,18,18,95,70,73,95,90,60,56,98,109,36
六尾,1,1,38,41,40,50,65,65,18,70,70,37
六尾-阿罗拉的样子,13,13,38,41,40,50,65,65,81,117,117,37
九尾,1,1,73,76,75,81,100,100,18,70,70,38
九尾-阿罗拉的样子,13,18,73,67,75,81,100,109,81,117,117,38
胖丁,5,18,115,45,20,45,25,20,56,172,132,39
胖可丁,5,18,140,70,45,85,50,45,56,172,119,40
超音蝠,9,7,40,45,35,30,40,55,39,151,151,41
大嘴蝠,9,7,75,80,70,65,75,90,39,151,151,42
走路草,3,9,45,50,55,75,65,30,34,50,50,43
臭臭花,3,9,60,65,70,85,75,40,34,1,1,44
霸王花,3,9,75,80,85,110,90,50,34,27,27,45
派拉斯,8,3,35,70,55,45,55,25,27,87,6,46
派拉斯特,8,3,60,95,80,60,80,30,27,87,6,47
毛球,8,9,60,55,50,40,55,45,14,110,50,48
摩鲁蛾,8,9,70,65,60,90,75,90,19,110,147,49
地鼠,11,11,10,55,25,35,45,95,8,71,159,50
地鼠-阿罗拉的样子,11,12,10,55,30,35,45,90,8,221,159,50
三地鼠,11,11,35,100,50,50,70,120,8,71,159,51
三地鼠-阿罗拉的样子,11,12,35,100,60,50,70,110,8,221,159,51
喵喵,5,5,40,45,35,40,40,90,53,101,127,52
喵喵-阿罗拉的样子,15,15,40,35,35,50,40,90,53,101,155,52
喵喵-伽勒尔的样子,12,12,50,65,55,40,40,40,53,181,127,52
喵喵-超极巨,5,5,40,45,35,40,40,90,53,101,127,52
猫老大,5,5,65,70,60,65,65,115,7,101,127,53
猫老大-阿罗拉的样子,15,15,65,60,60,75,65,115,169,101,155,53
可达鸭,2,2,50,52,48,65,50,55,6,13,33,54
哥达鸭,2,2,80,82,78,95,80,85,6,13,33,55
猴怪,6,6,40,80,35,35,45,70,72,83,128,56
火暴猴,6,6,65,105,60,60,70,95,72,83,128,57
卡蒂狗,1,1,55,70,45,70,50,60,22,18,154,58
卡蒂狗-洗翠的样子,1,10,60,75,45,65,50,55,22,18,69,58
风速狗,1,1,90,110,80,100,80,95,22,18,154,59
风速狗-洗翠的样子,1,10,95,115,80,95,80,90,22,18,69,59
蚊香蝌蚪,2,2,40,50,40,40,40,90,11,6,33,60
蚊香君,2,2,65,65,65,50,50,90,11,6,33,61
蚊香泳士,2,6,90,95,95,70,90,70,11,6,33,62
凯西,14,14,25,20,15,105,55,90,28,39,98,63
勇基拉,14,14,40,35,30,120,70,105,28,39,98,64
胡地,14,14,55,50,45,135,95,120,28,39,98,65
超级胡地,14,14,55,50,65,175,105,150,36,36,36,65
腕力,6,6,70,80,50,35,35,35,62,99,80,66
豪力,6,6,80,100,70,50,60,45,62,99,80,67
怪力,6,6,90,130,80,65,85,55,62,99,80,68
怪力,6,6,90,130,80,65,85,55,62,99,80,68
喇叭芽,3,9,50,75,35,70,30,40,34,82,82,69
口呆花,3,9,65,90,50,85,45,55,34,82,82,70
大食花,3,9,80,105,65,100,70,70,34,82,82,71
玛瑙水母,2,9,40,40,35,50,100,70,29,64,44,72
毒刺水母,2,9,80,70,65,80,120,100,29,64,44,73
小拳石,10,11,40,80,100,30,30,20,69,5,8,74
小拳石-阿罗拉的样子,10,4,40,80,100,30,30,20,42,5,206,74
隆隆石,10,11,55,95,115,45,45,35,69,5,8,75
隆隆石-阿罗拉的样子,10,4,55,95,115,45,45,35,42,5,206,75
隆隆岩,10,11,80,120,130,55,65,45,69,5,8,76
隆隆岩-阿罗拉的样子,10,4,80,120,130,55,65,45,42,5,206,76
小火马,1,1,50,85,55,65,65,90,50,18,49,77
小火马-伽勒尔的样子,14,14,50,85,55,65,65,90,50,257,107,77
烈焰马,1,1,65,100,70,80,80,105,50,18,49,78
烈焰马-伽勒尔的样子,14,18,65,100,70,80,80,105,50,257,107,78
呆呆兽,2,14,90,65,65,40,40,15,12,20,144,79
呆呆兽-伽勒尔的样子,14,14,90,65,65,40,40,15,82,20,144,79
呆壳兽,2,14,95,75,110,100,80,30,12,20,144,80
超级呆壳兽,2,14,95,75,180,130,80,30,75,75,75,80
呆壳兽-伽勒尔的样子,9,14,95,100,95,100,70,30,259,20,144,80
小磁怪,4,12,25,35,70,95,55,45,42,5,148,81
三合一磁怪,4,12,50,60,95,120,70,70,42,5,148,82
大葱鸭,5,7,52,90,55,58,62,60,51,39,128,83
大葱鸭-伽勒尔的样子,6,6,52,95,55,58,62,55,80,113,113,83
嘟嘟,5,7,35,85,45,35,35,75,50,48,77,84
嘟嘟利,5,7,60,110,70,60,60,110,50,48,77,85
小海狮,2,2,65,45,55,45,70,45,47,93,115,86
白海狮,2,13,90,70,80,70,95,70,47,93,115,87
臭泥,9,9,80,80,50,40,50,25,1,60,143,88
臭泥-阿罗拉的样子,9,15,80,80,50,40,50,25,143,82,223,88
臭臭泥,9,9,105,105,75,65,100,50,1,60,143,89
臭臭泥-阿罗拉的样子,9,15,105,105,75,65,100,50,143,82,223,89
大舌贝,2,2,30,65,100,45,25,40,75,92,142,90
刺甲贝,2,13,50,95,180,85,45,70,75,92,142,91
鬼斯,16,9,30,35,30,100,35,80,26,26,26,92
鬼斯通,16,9,45,50,45,115,55,95,26,26,26,93
耿鬼,16,9,60,65,60,130,75,110,130,130,130,94
超级耿鬼,16,9,60,65,80,170,95,130,23,23,23,94
耿鬼,16,9,60,65,60,130,75,110,130,130,130,94
大岩蛇,10,11,35,45,160,30,45,70,69,5,133,95
催眠貘,14,14,60,48,45,43,90,42,15,108,39,96
引梦貘人,14,14,85,73,70,73,115,67,15,108,39,97
大钳蟹,2,2,30,105,90,25,25,50,52,75,125,98
巨钳蟹,2,2,55,130,115,50,50,75,52,75,125,99
巨钳蟹,2,2,55,130,115,50,50,75,52,75,125,99
霹雳电球,4,4,40,30,50,55,55,100,43,9,106,100
霹雳电球-洗翠的样子,4,3,40,30,50,55,55,100,43,9,106,100
顽皮雷弹,4,4,60,50,70,80,80,150,43,9,106,101
顽皮雷弹-洗翠的样子,4,3,60,50,70,80,80,150,43,9,106,101
蛋蛋,3,14,60,40,80,60,45,40,34,139,139,102
椰蛋树,3,14,95,95,85,125,75,55,34,139,139,103
椰蛋树-阿罗拉的样子,3,17,95,105,85,125,75,45,119,139,139,103
卡拉卡拉,11,11,50,50,95,40,50,35,69,31,4,104
嘎啦嘎啦,11,11,60,80,110,50,80,45,69,31,4,105
嘎啦嘎啦-阿罗拉的样子,1,16,60,80,110,50,80,45,130,31,69,105
嘎啦嘎啦-阿罗拉的样子,1,16,60,80,110,50,80,45,69,69,69,105
飞腿郎,6,6,50,120,53,35,110,87,7,120,84,106
快拳郎,6,6,50,105,79,35,110,76,51,89,39,107
大舌头,5,5,90,55,75,60,75,30,20,12,13,108
瓦斯弹,9,9,40,65,95,60,45,35,26,256,1,109
双弹瓦斯,9,9,65,90,120,85,70,60,26,256,1,110
双弹瓦斯-伽勒尔的样子,9,18,65,90,120,85,70,60,26,256,228,110
独角犀牛,11,10,80,85,95,30,30,25,31,69,120,111
钻角犀兽,11,10,105,130,120,45,45,40,31,69,120,112
吉利蛋,5,5,250,5,5,35,105,50,30,32,131,113
蔓藤怪,3,3,65,55,115,100,40,60,34,102,144,114
袋兽,5,5,105,95,80,40,80,90,48,113,39,115
超级袋兽,5,5,105,125,100,60,100,100,185,185,185,115
墨海马,2,2,30,40,70,70,25,60,33,97,6,116
海刺龙,2,2,55,65,95,95,45,85,38,97,6,117
角金鱼,2,2,45,67,60,35,50,63,33,41,31,118
金鱼王,2,2,80,92,65,65,80,68,33,41,31,119
海星星,2,2,30,45,55,70,55,85,35,30,148,120
宝石海星,2,14,60,75,85,100,85,115,35,30,148,121
魔墙人偶,14,18,40,45,65,100,120,90,43,111,101,122
魔墙人偶-伽勒尔的样子,13,14,50,65,65,90,90,100,72,251,115,122
飞天螳螂,8,7,70,110,80,55,80,105,68,101,80,123
迷唇姐,13,14,65,50,35,115,95,95,12,108,87,124
电击兽,4,4,65,83,57,95,85,105,9,72,72,125
鸭嘴火兽,1,1,65,95,57,100,85,93,49,72,72,126
凯罗斯,8,8,65,125,100,55,70,85,52,104,153,127
超级凯罗斯,8,7,65,155,120,65,90,105,184,184,184,127
肯泰罗,5,5,75,100,95,40,70,110,22,83,125,128
肯泰罗-帕底亚的样子斗战种,6,6,75,110,105,30,70,100,22,83,291,128
肯泰罗-帕底亚的样子火炽种,6,1,75,110,105,30,70,100,22,83,291,128
肯泰罗-帕底亚的样子水澜种,6,2,75,110,105,30,70,100,22,83,291,128
鲤鱼王,2,2,20,10,55,15,20,80,33,155,155,129
暴鲤龙,2,7,95,125,79,60,100,81,22,153,153,130
超级暴鲤龙,2,15,95,155,109,70,130,81,104,104,104,130
拉普拉斯,2,13,130,85,80,85,95,60,11,75,93,131
拉普拉斯,2,13,130,85,80,85,95,60,11,75,93,131
百变怪,5,5,48,48,48,48,48,48,7,150,150,132
伊布,5,5,55,55,50,45,65,55,50,91,107,133
Eevee-Starter,5,5,65,75,70,65,85,75,50,91,107,133
伊布,5,5,55,55,50,45,65,55,50,91,107,133
水伊布,2,2,130,65,60,110,95,65,11,93,93,134
雷伊布,4,4,65,65,60,110,95,130,10,95,95,135
火伊布,1,1,65,130,60,95,110,65,18,62,62,136
多边兽,5,5,65,60,70,85,75,40,36,88,148,137
菊石兽,10,2,35,40,100,90,55,35,33,75,133,138
多刺菊石兽,10,2,70,60,125,115,70,55,33,75,133,139
化石盔,10,2,30,80,90,55,45,55,33,4,133,140
镰刀盔,10,2,60,115,105,65,70,80,33,4,133,141
化石翼龙,10,7,80,105,65,60,75,130,69,46,127,142
超级化石翼龙,10,7,80,135,85,70,95,150,181,181,181,142
卡比兽,5,5,160,110,65,65,110,30,17,47,82,143
卡比兽,5,5,160,110,65,65,110,30,17,47,82,143
急冻鸟,13,7,90,85,100,95,125,85,46,81,81,144
急冻鸟-伽勒尔的样子,14,7,90,85,85,125,100,95,172,172,172,144
闪电鸟,4,7,90,90,85,125,90,100,46,9,9,145
闪电鸟-伽勒尔的样子,6,7,90,125,90,85,90,100,128,128,128,145
火焰鸟,1,7,90,100,90,125,85,90,46,49,49,146
火焰鸟-伽勒尔的样子,15,7,90,85,90,100,125,90,201,201,201,146
迷你龙,17,17,41,64,45,50,50,50,61,63,63,147
哈克龙,17,17,61,84,65,70,70,70,61,63,63,148
快龙,17,7,91,134,95,100,100,80,39,136,136,149
超梦,14,14,106,110,90,154,90,130,46,127,127,150
超级超梦X,14,6,106,190,100,154,100,130,80,80,80,150
超级超梦Y,14,14,106,150,70,194,120,140,15,15,15,150
梦幻,14,14,100,100,100,100,100,100,28,28,28,151
菊草叶,3,3,45,49,65,49,65,45,65,102,102,152
月桂叶,3,3,60,62,80,63,80,60,65,102,102,153
大竺葵,3,3,80,82,100,83,100,80,65,102,102,154
火球鼠,1,1,39,52,43,60,50,65,66,18,18,155
火岩鼠,1,1,58,64,58,80,65,80,66,18,18,156
火暴兽,1,1,78,84,78,109,85,100,66,18,18,157
火暴兽-洗翠的样子,1,16,73,84,78,119,85,95,66,119,119,157
小锯鳄,2,2,50,65,64,44,48,43,67,125,125,158
蓝鳄,2,2,65,80,80,59,63,58,67,125,125,159
大力鳄,2,2,85,105,100,79,83,78,67,125,125,160
尾立,5,5,35,46,34,35,45,20,50,51,119,161
大尾立,5,5,85,76,64,45,55,90,50,51,119,162
咕咕,5,7,60,30,30,36,56,50,15,51,110,163
猫头夜鹰,5,7,100,50,50,86,96,70,15,51,110,164
芭瓢虫,8,7,40,20,30,40,80,55,68,48,155,165
安瓢虫,8,7,55,35,50,55,110,85,68,48,89,166
圆丝蛛,8,9,40,60,40,40,40,30,68,15,97,167
阿利多斯,8,9,70,90,70,60,70,40,68,15,97,168
叉字蝠,9,7,85,90,80,70,80,130,39,151,151,169
灯笼鱼,2,4,75,38,38,56,56,67,10,35,11,170
电灯怪,2,4,125,58,58,76,76,67,10,35,11,171
皮丘,4,4,20,40,15,35,35,60,9,31,31,172
皮丘-刺刺耳的样子,4,4,20,40,15,35,35,60,9,9,9,172
皮宝宝,18,18,50,25,28,45,55,15,56,98,132,173
宝宝丁,5,18,90,30,15,40,20,15,56,172,132,174
波克比,18,18,35,20,65,40,65,20,55,32,105,175
波克基古,18,7,55,40,85,80,105,40,55,32,105,176
天然雀,14,7,40,50,45,70,45,70,28,48,156,177
天然鸟,14,7,65,75,70,95,70,95,28,48,156,178
咩利羊,4,4,55,40,40,65,45,35,9,57,57,179
茸茸羊,4,4,70,55,55,80,60,45,9,57,57,180
电龙,4,4,90,75,85,115,90,55,9,57,57,181
超级电龙,4,17,90,95,105,165,110,45,104,104,104,181
美丽花,3,3,75,80,95,90,100,50,34,131,131,182
玛力露,2,18,70,20,50,20,50,40,47,37,157,183
玛力露丽,2,18,100,50,80,60,80,50,47,37,157,184
树才怪,10,10,70,100,115,30,65,30,5,69,155,185
蚊香蛙皇,2,2,90,75,75,90,100,70,11,6,2,186
毽子草,3,7,35,35,40,35,55,50,34,102,151,187
毽子花,3,7,55,45,50,45,65,80,34,102,151,188
毽子棉,3,7,75,55,70,55,95,110,34,102,151,189
长尾怪手,5,5,55,70,55,40,55,85,50,53,92,190
向日种子,3,3,30,30,30,30,30,30,34,94,48,191
向日花怪,3,3,75,75,55,105,85,30,34,94,48,192
蜻蜻蜓,8,7,65,65,45,75,45,95,3,14,119,193
乌波,2,11,55,45,45,25,25,15,6,11,109,194
乌波-帕底亚的样子,9,11,55,45,45,25,25,15,38,11,109,194
沼王,2,11,95,85,85,65,65,35,6,11,109,195
太阳伊布,14,14,65,65,60,130,95,110,28,156,156,196
月亮伊布,15,15,95,65,110,60,130,65,28,39,39,197
黑暗鸦,15,7,60,85,42,85,42,91,15,105,158,198
呆呆王,2,14,95,75,80,100,110,30,12,20,144,199
呆呆王-伽勒尔的样子,9,14,95,65,80,110,110,30,261,20,144,199
梦妖,16,16,60,60,60,85,85,85,26,26,26,200
未知图腾,14,14,48,72,48,72,48,48,26,26,26,201
果然翁,14,14,190,33,58,33,58,33,23,140,140,202
麒麟奇,5,14,70,80,65,90,65,85,39,48,157,203
榛果球,8,8,50,65,90,35,35,15,5,142,142,204
佛烈托斯,8,12,75,90,140,60,60,40,5,142,142,205
土龙弟弟,5,5,100,70,70,65,65,45,32,50,155,206
天蝎,11,7,65,75,105,35,65,85,52,8,17,207
大钢蛇,12,11,75,85,200,55,65,30,69,5,125,208
超级大钢蛇,12,11,75,125,230,55,95,30,159,159,159,208
布鲁,18,18,60,80,50,40,40,30,22,50,155,209
布鲁皇,18,18,90,120,75,60,60,45,22,95,155,210
千针鱼,2,9,65,95,85,55,55,85,38,33,22,211
千针鱼-洗翠的样子,15,9,65,95,85,55,55,85,38,33,22,211
巨钳螳螂,8,12,70,130,100,55,80,65,68,101,135,212
超级巨钳螳螂,8,12,70,150,140,65,100,75,101,101,101,212
壶壶,8,10,20,10,230,10,230,5,5,82,126,213
赫拉克罗斯,8,6,80,125,75,40,95,85,68,62,153,214
超级赫拉克罗斯,8,6,80,185,115,40,105,75,92,92,92,214
狃拉,15,13,55,95,55,35,75,115,39,51,124,215
狃拉-洗翠的样子,6,9,55,95,55,35,75,115,39,51,124,215
熊宝宝,5,5,60,80,50,50,50,40,53,95,118,216
圈圈熊,5,5,90,130,75,75,75,55,62,95,127,217
熔岩虫,1,1,40,40,40,70,40,20,40,49,133,218
熔岩蜗牛,1,10,60,50,120,90,80,30,40,49,133,219
小山猪,13,11,50,50,40,30,30,50,12,81,47,220
长毛猪,13,11,100,100,80,60,60,50,12,81,47,221
太阳珊瑚,2,10,65,55,95,65,95,35,55,30,144,222
太阳珊瑚-伽勒尔的样子,16,16,60,55,100,65,100,30,133,130,130,222
铁炮鱼,2,2,35,65,35,65,35,65,55,97,141,223
章鱼桶,2,2,75,105,75,105,75,45,21,97,141,224
信使鸟,13,7,45,55,45,65,45,75,72,55,15,225
巨翅飞鱼,2,7,85,40,70,80,140,70,33,11,41,226
盔甲鸟,12,7,65,80,140,40,70,70,51,5,133,227
戴鲁比,15,1,45,60,30,80,50,65,48,18,127,228
黑鲁加,15,1,75,90,50,110,80,95,48,18,127,229
超级黑鲁加,15,1,75,90,90,140,90,115,94,94,94,229
刺龙王,2,17,75,95,95,95,95,85,33,97,6,230
小小象,11,11,90,60,60,40,40,40,53,8,8,231
顿甲,11,11,90,120,120,60,60,50,5,8,8,232
多边兽２型,5,5,85,80,90,105,95,60,36,88,148,233
惊角鹿,5,5,73,95,62,85,65,85,22,119,157,234
图图犬,5,5,55,20,35,20,45,75,20,101,141,235
无畏小子,6,6,35,35,35,35,35,35,62,80,72,236
战舞郎,6,6,50,95,95,35,110,70,22,101,80,237
迷唇娃,13,14,45,30,15,85,65,65,12,108,93,238
电击怪,4,4,45,63,37,65,55,95,9,72,72,239
鸭嘴宝宝,1,1,45,75,37,70,55,83,49,72,72,240
大奶罐,5,5,95,80,105,40,70,100,47,113,157,241
幸福蛋,5,5,255,10,10,75,135,55,30,32,131,242
雷公,4,4,90,85,75,115,100,115,46,39,39,243
炎帝,1,1,115,115,85,90,75,100,46,39,39,244
水君,2,2,100,75,115,90,115,85,46,39,39,245
幼基拉斯,10,11,50,64,50,45,50,41,62,8,8,246
沙基拉斯,10,11,70,84,70,65,70,51,61,61,61,247
班基拉斯,10,15,100,134,110,95,100,61,45,127,127,248
超级班基拉斯,10,15,100,164,150,95,120,71,45,45,45,248
洛奇亚,14,7,106,90,130,90,154,110,46,136,136,249
凤王,1,7,106,130,90,110,154,90,46,144,144,250
时拉比,14,3,100,100,100,100,100,100,30,30,30,251
木守宫,3,3,40,45,35,65,55,70,65,84,84,252
森林蜥蜴,3,3,50,65,45,85,65,95,65,84,84,253
蜥蜴王,3,3,70,85,65,105,85,120,65,84,84,254
超级蜥蜴王,3,17,70,110,75,145,85,145,31,31,31,254
火稚鸡,1,1,45,60,40,70,50,45,66,3,3,255
力壮鸡,1,6,60,85,60,85,60,55,66,3,3,256
火焰鸡,1,6,80,120,70,110,70,80,66,3,3,257
超级火焰鸡,1,6,80,160,80,130,80,100,3,3,3,257
水跃鱼,2,2,50,70,50,50,50,40,67,6,6,258
沼跃鱼,2,11,70,85,70,60,70,50,67,6,6,259
巨沼怪,2,11,100,110,90,85,90,60,67,6,6,260
超级巨沼怪,2,11,100,150,110,95,110,70,33,33,33,260
土狼犬,15,15,35,55,35,30,30,35,50,95,155,261
大狼犬,15,15,70,90,70,60,60,70,22,95,153,262
蛇纹熊,5,5,38,30,41,30,41,60,53,82,95,263
蛇纹熊-伽勒尔的样子,15,5,38,30,41,30,41,60,53,82,95,263
直冲熊,5,5,78,70,61,50,61,100,53,82,95,264
直冲熊-伽勒尔的样子,15,5,78,70,61,50,61,100,53,82,95,264
刺尾虫,8,8,45,45,35,20,30,20,19,50,50,265
甲壳茧,8,8,50,35,55,25,25,15,61,61,61,266
狩猎凤蝶,8,7,60,70,50,100,50,65,68,79,79,267
盾甲茧,8,8,50,35,55,25,25,15,61,61,61,268
毒粉蛾,8,9,60,50,70,50,90,65,19,14,14,269
莲叶童子,2,3,40,30,30,40,50,30,33,44,20,270
莲帽小童,2,3,60,50,50,60,70,50,33,44,20,271
乐天河童,2,3,80,70,70,90,100,70,33,44,20,272
橡实果,3,3,40,40,50,30,30,30,34,48,124,273
长鼻叶,3,15,70,70,40,60,40,60,34,48,124,274
狡猾天狗,3,15,90,100,60,90,60,80,34,48,124,275
傲骨燕,5,7,40,55,30,30,30,85,62,113,113,276
大王燕,5,7,60,85,60,75,50,125,62,113,113,277
长翅鸥,2,7,40,30,30,55,30,85,51,93,44,278
大嘴鸥,2,7,60,50,100,95,70,65,51,2,44,279
拉鲁拉丝,14,18,28,25,25,45,35,40,28,36,140,280
奇鲁莉安,14,18,38,35,35,65,55,50,28,36,140,281
沙奈朵,14,18,68,65,65,125,115,80,28,36,140,282
超级沙奈朵,14,18,68,85,65,165,135,100,182,182,182,282
溜溜糖球,8,2,40,30,32,50,52,65,33,44,44,283
雨翅蛾,8,7,70,60,62,100,82,80,22,127,127,284
蘑蘑菇,3,3,60,40,60,40,60,35,27,90,95,285
斗笠菇,3,6,60,130,80,60,60,70,27,90,101,286
懒人獭,5,5,60,60,60,35,35,30,54,54,54,287
过动猿,5,5,80,80,80,55,55,90,72,72,72,288
请假王,5,5,150,160,100,95,65,100,54,54,54,289
土居忍士,8,11,31,45,90,30,30,40,14,50,50,290
铁面忍者,8,7,61,90,45,50,50,160,3,151,151,291
脱壳忍者,8,16,1,90,45,30,30,40,25,25,25,292
咕妞妞,5,5,64,51,23,51,23,28,43,155,155,293
吼爆弹,5,5,84,71,43,71,43,48,43,113,113,294
爆音怪,5,5,104,91,63,91,73,68,43,113,113,295
幕下力士,6,6,72,60,30,20,30,25,47,62,125,296
铁掌力士,6,6,144,120,60,40,60,50,47,62,125,297
露力丽,5,18,50,20,40,20,40,20,47,37,157,298
朝北鼻,10,10,30,45,135,45,90,30,5,42,159,299
向尾喵,5,5,50,45,45,35,35,50,56,96,147,300
优雅猫,5,5,70,65,65,55,55,90,56,96,147,301
勾魂眼,15,16,50,75,75,65,65,50,51,100,158,302
超级勾魂眼,15,16,50,85,125,85,115,20,156,156,156,302
大嘴娃,12,18,50,85,85,55,55,50,52,22,125,303
超级大嘴娃,12,18,50,105,125,55,95,50,37,37,37,303
可可多拉,12,10,50,70,100,40,40,30,5,69,134,304
可多拉,12,10,60,90,140,50,50,40,5,69,134,305
波士可多拉,12,10,70,110,180,60,60,50,5,69,134,306
超级波士可多拉,12,12,70,140,230,60,80,50,111,111,111,306
玛沙那,6,14,30,40,55,40,55,60,74,140,140,307
恰雷姆,6,14,60,60,75,60,75,80,74,140,140,308
超级恰雷姆,6,14,60,100,85,80,85,100,74,74,74,308
落雷兽,4,4,40,45,40,65,40,65,9,31,58,309
雷电兽,4,4,70,75,60,105,60,105,9,31,58,310
超级雷电兽,4,4,70,75,80,135,80,135,22,22,22,310
正电拍拍,4,4,60,50,40,85,75,95,57,31,31,311
负电拍拍,4,4,60,40,50,75,85,95,58,10,10,312
电萤虫,8,8,65,73,75,47,85,85,35,68,158,313
甜甜萤,8,8,65,47,75,73,85,85,12,110,158,314
毒蔷薇,3,9,50,60,45,100,80,65,30,38,102,315
溶食兽,9,9,70,43,53,43,53,40,64,60,82,316
吞食兽,9,9,100,73,83,73,83,55,64,60,82,317
利牙鱼,2,15,45,90,20,65,20,65,24,3,3,318
巨牙鲨,2,15,70,120,40,95,40,95,24,3,3,319
超级巨牙鲨,2,15,70,140,70,110,65,105,173,173,173,319
吼吼鲸,2,2,130,70,35,70,35,60,41,12,46,320
吼鲸王,2,2,170,90,45,90,45,60,41,12,46,321
呆火驼,1,11,60,60,40,65,45,35,12,86,20,322
喷火驼,1,11,70,100,70,105,75,40,40,116,83,323
超级喷火驼,1,11,70,120,100,145,105,20,125,125,125,323
煤炭龟,1,1,70,85,140,85,70,20,73,70,75,324
跳跳猪,14,14,60,25,35,70,80,60,47,20,82,325
噗噗猪,14,14,80,45,65,90,110,80,47,20,82,326
晃晃斑,5,5,60,60,60,60,60,60,20,77,126,327
大颚蚁,11,11,45,100,45,45,45,10,52,71,125,328
超音波幼虫,11,17,50,70,50,50,50,70,26,26,26,329
沙漠蜻蜓,11,17,80,100,80,80,80,100,26,26,26,330
刺球仙人掌,3,3,50,85,40,85,40,35,8,11,11,331
梦歌仙人掌,3,15,70,115,60,115,60,55,8,11,11,332
青绵鸟,5,7,45,40,60,40,75,50,30,13,13,333
七夕青鸟,17,7,75,70,90,70,105,80,30,13,13,334
超级七夕青鸟,17,18,75,110,110,110,105,80,182,182,182,334
猫鼬斩,5,5,73,115,60,60,60,90,17,137,137,335
饭匙蛇,9,9,73,100,60,100,60,65,61,151,151,336
月石,10,14,90,55,65,95,85,70,26,26,26,337
太阳岩,10,14,90,95,85,55,65,70,26,26,26,338
泥泥鳅,2,11,50,48,43,46,41,60,12,107,93,339
鲶鱼王,2,11,110,78,73,76,71,60,12,107,93,340
龙虾小兵,2,2,43,80,65,50,35,35,52,75,91,341
铁螯龙虾,2,15,63,120,85,90,55,55,52,75,91,342
天秤偶,11,14,40,40,55,40,70,55,26,26,26,343
念力土偶,11,14,60,70,105,70,120,75,26,26,26,344
触手百合,10,3,66,41,77,61,87,23,21,114,114,345
摇篮百合,10,3,86,81,97,81,107,43,21,114,114,346
太古羽虫,10,8,45,95,50,40,50,75,4,33,33,347
太古盔甲,10,8,75,125,100,70,80,45,4,33,33,348
丑丑鱼,2,2,20,15,20,10,55,80,33,12,91,349
美纳斯,2,2,95,60,79,100,125,81,63,172,56,350
飘浮泡泡,5,5,70,70,70,70,70,70,59,59,59,351
飘浮泡泡-太阳的样子,1,1,70,70,70,70,70,70,59,59,59,351
飘浮泡泡-雨水的样子,2,2,70,70,70,70,70,70,59,59,59,351
飘浮泡泡-雪云的样子,13,13,70,70,70,70,70,70,59,59,59,351
变隐龙,5,5,60,90,70,60,120,40,16,168,168,352
怨影娃娃,16,16,44,75,35,63,33,45,15,119,130,353
诅咒娃娃,16,16,64,115,65,83,63,65,15,119,130,354
超级诅咒娃娃,16,16,64,165,75,93,83,75,158,158,158,354
夜巡灵,16,16,20,40,90,30,90,25,26,119,119,355
彷徨夜灵,16,16,40,70,130,60,130,25,46,119,119,356
热带龙,3,7,99,68,83,72,87,51,34,94,139,357
风铃铃,14,14,75,50,80,95,90,65,26,26,26,358
阿勃梭鲁,15,15,65,130,60,75,60,75,46,105,154,359
超级阿勃梭鲁,15,15,65,150,60,115,60,115,156,156,156,359
小果然,14,14,95,23,48,23,48,23,23,140,140,360
雪童子,13,13,50,50,50,50,50,50,39,115,141,361
冰鬼护,13,13,80,80,80,80,80,80,39,115,141,362
超级冰鬼护,13,13,80,120,80,120,80,100,174,174,174,362
海豹球,13,2,70,40,50,55,50,25,47,115,12,363
海魔狮,13,2,90,60,70,75,70,45,47,115,12,364
帝牙海狮,13,2,110,80,90,95,90,65,47,115,12,365
珍珠贝,2,2,35,64,85,74,55,32,75,155,155,366
猎斑鱼,2,2,55,104,105,94,75,52,33,41,41,367
樱花鱼,2,2,55,84,105,114,75,52,33,93,93,368
古空棘鱼,2,10,100,90,130,45,65,55,33,69,5,369
爱心鱼,2,2,43,30,55,40,65,97,33,93,93,370
宝贝龙,17,17,45,75,60,40,30,50,69,125,125,371
甲壳龙,17,17,65,95,100,60,50,50,69,142,142,372
暴飞龙,17,7,95,135,80,110,80,100,22,153,153,373
超级暴飞龙,17,7,95,145,130,120,90,120,184,184,184,373
铁哑铃,12,14,40,55,80,35,60,30,29,135,135,374
金属怪,12,14,60,75,100,55,80,50,29,135,135,375
巨金怪,12,14,80,135,130,95,90,70,29,135,135,376
超级巨金怪,12,14,80,145,150,105,110,110,181,181,181,376
雷吉洛克,10,10,80,100,200,50,100,50,29,5,5,377
雷吉艾斯,13,13,80,50,100,100,200,50,29,115,115,378
雷吉斯奇鲁,12,12,80,75,150,75,150,50,29,135,135,379
拉帝亚斯,17,14,80,80,90,110,130,110,26,26,26,380
超级拉帝亚斯,17,14,80,100,120,140,150,110,26,26,26,380
拉帝欧斯,17,14,80,90,80,130,110,110,26,26,26,381
超级拉帝欧斯,17,14,80,130,100,160,120,110,26,26,26,381
盖欧卡,2,2,100,100,90,150,140,90,2,2,2,382
盖欧卡-原始回归的样子,2,2,100,150,90,180,160,90,189,189,189,382
固拉多,11,11,100,150,140,100,90,90,70,70,70,383
固拉多-原始回归的样子,11,1,100,180,160,150,90,90,190,190,190,383
烈空坐,17,7,105,150,90,150,90,95,76,76,76,384
超级烈空坐,17,7,105,180,100,180,100,115,191,191,191,384
基拉祈,12,14,100,100,100,100,100,100,32,32,32,385
代欧奇希斯-普通形态,14,14,50,150,50,150,50,150,46,46,46,386
代欧奇希斯-攻击的样子,14,14,50,180,20,180,20,150,46,46,46,386
代欧奇希斯-防御的样子,14,14,50,70,160,70,160,90,46,46,46,386
代欧奇希斯-速度的样子,14,14,50,95,90,95,90,180,46,46,46,386
草苗龟,3,3,55,68,64,45,55,31,65,75,75,387
树林龟,3,3,75,89,85,55,65,36,65,75,75,388
土台龟,3,11,95,109,105,75,85,56,65,75,75,389
小火焰猴,1,1,44,58,44,58,44,61,66,89,89,390
猛火猴,1,6,64,78,52,78,52,81,66,89,89,391
烈焰猴,1,6,76,104,71,104,71,108,66,89,89,392
波加曼,2,2,53,51,53,61,56,40,67,128,128,393
波皇子,2,2,64,66,68,81,76,50,67,128,128,394
帝王拿波,2,12,84,86,88,111,101,60,67,128,128,395
姆克儿,5,7,40,55,30,30,30,60,51,120,120,396
姆克鸟,5,7,55,75,50,40,40,80,22,120,120,397
姆克鹰,5,7,85,120,70,50,60,100,22,120,120,398
大牙狸,5,5,59,45,40,35,40,31,86,109,141,399
大尾狸,5,2,79,85,60,55,60,71,86,109,141,400
圆法师,8,8,37,25,41,25,41,25,61,50,50,401
音箱蟀,8,8,77,85,51,55,51,65,68,101,101,402
小猫怪,4,4,45,65,34,40,34,45,79,22,62,403
勒克猫,4,4,60,85,49,60,49,60,79,22,62,404
伦琴猫,4,4,80,120,79,95,79,70,79,22,62,405
含羞苞,3,9,40,30,35,50,70,55,30,38,102,406
罗丝雷朵,3,9,60,70,65,125,105,90,30,38,101,407
头盖龙,10,10,67,125,40,30,30,58,104,125,125,408
战槌龙,10,10,97,165,60,65,50,58,104,125,125,409
盾甲龙,10,12,30,42,118,42,88,30,5,43,43,410
护城龙,10,12,60,52,168,47,138,30,5,43,43,411
结草儿-草木蓑衣,8,8,40,29,45,29,45,36,61,142,142,412
结草贵妇-草木蓑衣,8,3,60,59,85,79,105,36,107,142,142,413
结草贵妇-砂土蓑衣,8,11,60,79,105,59,85,36,107,142,142,413
结草贵妇-垃圾蓑衣,8,12,60,69,95,69,95,36,107,142,142,413
绅士蛾,8,7,70,94,50,94,50,66,68,110,110,414
三蜜蜂,8,7,30,30,42,30,42,70,118,55,55,415
蜂女王,8,7,70,80,102,80,102,40,46,127,127,416
帕奇利兹,4,4,60,45,70,45,90,95,50,53,10,417
泳圈鼬,2,2,55,65,35,60,30,85,33,41,41,418
浮潜鼬,2,2,85,105,55,85,50,115,33,41,41,419
樱花宝,3,3,45,35,45,62,53,35,34,34,34,420
樱花儿-阴天形态,3,3,70,60,70,87,78,85,122,122,122,421
樱花儿-晴天形态,3,3,70,60,70,87,78,85,122,122,122,421
无壳海兔-西海,2,2,76,48,48,57,62,34,60,114,159,422
海兔兽-西海,2,11,111,83,68,92,82,39,60,114,159,423
海兔兽-东海,2,11,111,83,68,92,82,39,60,114,159,423
双尾怪手,5,5,75,100,66,60,66,115,101,53,92,424
飘飘球,16,7,90,50,34,60,44,70,106,84,138,425
随风球,16,7,150,80,44,90,54,80,106,84,138,426
卷卷耳,5,5,55,66,44,44,56,85,50,103,7,427
长耳兔,5,5,65,76,84,54,96,105,56,103,7,428
超级长耳兔,5,6,65,136,94,54,96,135,113,113,113,428
梦妖魔,16,16,60,60,60,105,105,105,26,26,26,429
乌鸦头头,15,7,100,125,52,105,52,71,15,105,153,430
魅力喵,5,5,49,55,42,42,37,85,7,20,51,431
东施喵,5,5,71,82,64,64,59,112,47,20,128,432
铃铛响,14,14,45,30,50,65,50,45,26,26,26,433
臭鼬噗,9,15,63,63,47,41,41,74,1,106,51,434
坦克臭鼬,9,15,103,93,67,71,61,84,1,106,51,435
铜镜怪,12,14,57,24,86,24,86,23,26,85,134,436
青铜钟,12,14,67,89,116,79,116,33,26,85,134,437
盆才怪,10,10,50,80,95,10,45,10,5,69,155,438
魔尼尼,14,18,20,25,45,70,90,60,43,111,101,439
小福蛋,5,5,100,5,5,15,65,30,30,32,132,440
聒噪鸟,5,7,76,65,45,92,42,91,51,77,145,441
花岩怪,16,15,50,92,108,92,108,35,46,151,151,442
圆陆鲨,17,11,58,70,45,40,45,42,8,24,24,443
尖牙陆鲨,17,11,68,90,65,50,55,82,8,24,24,444
烈咬陆鲨,17,11,108,130,95,80,85,102,8,24,24,445
超级烈咬陆鲨,17,11,108,170,115,120,95,92,159,159,159,445
小卡比兽,5,5,135,85,40,40,85,5,53,47,82,446
利欧路,6,6,40,70,40,35,40,60,80,39,158,447
路卡利欧,6,12,70,110,70,115,70,90,80,39,154,448
超级路卡利欧,6,12,70,145,88,140,70,112,91,91,91,448
沙河马,11,11,68,72,78,38,42,32,45,159,159,449
河马兽,11,11,108,112,118,68,72,47,45,159,159,450
钳尾蝎,9,8,40,50,90,30,55,65,4,97,51,451
龙王蝎,9,15,70,90,110,60,75,95,4,97,51,452
不良蛙,9,6,48,61,40,61,40,50,107,87,143,453
毒骷蛙,9,6,83,106,65,86,65,85,107,87,143,454
尖牙笼,3,3,74,100,72,90,72,46,26,26,26,455
荧光鱼,2,2,49,49,56,49,61,66,33,114,41,456
霓虹鱼,2,2,69,69,76,69,86,91,33,114,41,457
小球飞鱼,2,7,45,20,50,60,120,50,33,11,41,458
雪笠怪,3,13,60,62,50,62,60,40,117,43,43,459
暴雪王,3,13,90,92,75,92,85,60,117,43,43,460
超级暴雪王,3,13,90,132,105,132,105,30,117,117,117,460
玛狃拉,15,13,70,120,65,45,85,125,46,124,124,461
自爆磁怪,4,12,70,70,115,130,90,60,42,5,148,462
大舌舔,5,5,110,85,95,80,95,50,20,12,13,463
超甲狂犀,11,10,115,140,130,55,55,40,31,116,120,464
巨蔓藤,3,3,100,100,125,110,50,50,34,102,144,465
电击魔兽,4,4,75,123,67,95,85,95,78,72,72,466
鸭嘴炎兽,1,1,75,95,67,125,95,83,49,72,72,467
波克基斯,18,7,85,50,95,120,115,80,55,32,105,468
远古巨蜓,8,7,86,76,86,116,56,95,3,110,119,469
叶伊布,3,3,65,110,130,60,65,95,102,34,34,470
冰伊布,13,13,65,60,110,130,95,65,81,115,115,471
天蝎王,11,7,75,95,125,45,75,95,52,8,90,472
象牙猪,13,11,110,130,80,70,60,80,12,81,47,473
多边兽乙型,5,5,85,80,70,135,75,90,91,88,148,474
艾路雷朵,14,6,68,125,65,65,115,80,80,292,154,475
超级艾路雷朵,14,6,68,165,95,65,115,110,39,39,39,475
大朝北鼻,10,12,60,55,145,75,150,40,5,42,159,476
黑夜魔灵,16,16,45,100,135,65,135,45,46,119,119,477
雪妖女,13,16,70,80,70,80,70,110,81,130,130,478
洛托姆,4,16,50,50,77,95,77,91,26,26,26,479
加热洛托姆,4,1,50,65,107,105,107,86,26,26,26,479
清洗洛托姆,4,2,50,65,107,105,107,86,26,26,26,479
结冰洛托姆,4,13,50,65,107,105,107,86,26,26,26,479
旋转洛托姆,4,7,50,65,107,105,107,86,26,26,26,479
切割洛托姆,4,3,50,65,107,105,107,86,26,26,26,479
由克希,14,14,75,75,130,75,130,95,26,26,26,480
艾姆利多,14,14,80,105,105,105,105,80,26,26,26,481
亚克诺姆,14,14,75,125,70,125,70,115,26,26,26,482
帝牙卢卡,12,17,100,120,120,150,100,90,46,140,140,483
帝牙卢卡-起源形态,12,17,100,100,120,150,120,90,46,140,140,483
帕路奇亚,2,17,90,120,100,150,120,100,46,140,140,484
帕路奇亚-起源形态,2,17,90,100,100,150,120,120,46,140,140,484
席多蓝恩,1,12,91,90,106,130,106,77,18,49,49,485
雷吉奇卡斯,5,5,110,160,110,80,110,100,112,112,112,486
骑拉帝纳-别种形态,16,17,150,100,120,100,120,90,46,140,140,487
骑拉帝纳-起源形态,16,17,150,120,100,120,100,90,26,26,26,487
克雷色利亚,14,14,120,70,110,75,120,85,26,26,26,488
霏欧纳,2,2,80,80,80,80,80,80,93,93,93,489
玛纳霏,2,2,100,100,100,100,100,100,93,93,93,490
达克莱伊,15,15,70,90,90,135,90,125,123,123,123,491
谢米-陆上形态,3,3,100,100,100,100,100,100,30,30,30,492
谢米-天空形态,3,7,100,103,75,120,75,127,32,32,32,492
阿尔宙斯,5,5,120,120,120,120,120,120,121,121,121,493
阿尔宙斯-虫,8,8,120,120,120,120,120,120,121,121,121,493
阿尔宙斯-恶,15,15,120,120,120,120,120,120,121,121,121,493
阿尔宙斯-龙,17,17,120,120,120,120,120,120,121,121,121,493
阿尔宙斯-电,4,4,120,120,120,120,120,120,121,121,121,493
阿尔宙斯-妖精,18,18,120,120,120,120,120,120,121,121,121,493
阿尔宙斯-格斗,6,6,120,120,120,120,120,120,121,121,121,493
阿尔宙斯-火,1,1,120,120,120,120,120,120,121,121,121,493
阿尔宙斯-飞行,7,7,120,120,120,120,120,120,1,121,121,493
阿尔宙斯-鬼,16,16,120,120,120,120,120,120,121,121,121,493
阿尔宙斯-草,3,3,120,120,120,120,120,120,121,121,121,493
阿尔宙斯-地面,11,11,120,120,120,120,120,120,121,121,121,493
阿尔宙斯-冰,13,13,120,120,120,120,120,120,121,121,121,493
阿尔宙斯-毒,9,9,120,120,120,120,120,120,121,121,121,493
阿尔宙斯-超能力,14,14,120,120,120,120,120,120,121,121,121,493
阿尔宙斯-岩石,10,10,120,120,120,120,120,120,121,121,121,493
阿尔宙斯-钢,12,12,120,120,120,120,120,120,121,121,121,493
阿尔宙斯-水,2,2,120,120,120,120,120,120,121,121,121,493
比克提尼,14,1,100,100,100,100,100,100,162,162,162,494
藤藤蛇,3,3,45,45,55,45,55,63,65,126,126,495
青藤蛇,3,3,60,60,75,60,75,83,65,126,126,496
君主蛇,3,3,75,75,95,75,95,113,65,126,126,497
暖暖猪,1,1,65,63,45,45,45,45,66,47,47,498
炒炒猪,1,6,90,93,55,70,55,55,66,47,47,499
炎武王,1,6,110,123,65,100,65,65,66,120,120,500
水水獭,2,2,55,55,45,63,45,45,67,75,75,501
双刃丸,2,2,75,75,60,83,60,60,67,75,75,502
大剑鬼,2,2,95,100,85,108,70,70,67,75,75,503
大剑鬼-洗翠的样子,2,15,90,108,80,100,65,85,67,292,292,503
探探鼠,5,5,45,55,39,35,39,42,50,51,148,504
步哨鼠,5,5,60,85,69,60,69,77,35,51,148,505
小约克,5,5,45,60,45,25,45,55,72,53,50,506
哈约克,5,5,65,80,65,35,65,60,22,146,113,507
长毛狗,5,5,85,110,90,45,90,80,22,146,113,508
扒手猫,15,15,41,50,37,50,37,66,7,84,158,509
酷豹,15,15,64,88,50,88,50,106,7,84,158,510
花椰猴,3,3,50,53,48,53,48,64,82,65,65,511
花椰猿,3,3,75,98,63,98,63,101,82,65,65,512
爆香猴,1,1,50,53,48,53,48,64,82,66,66,513
爆香猿,1,1,75,98,63,98,63,101,82,66,66,514
冷水猴,2,2,50,53,48,53,48,64,82,67,67,515
冷水猿,2,2,75,98,63,98,63,101,82,67,67,516
食梦梦,14,14,76,25,45,67,55,24,108,28,140,517
梦梦蚀,14,14,116,55,85,107,95,29,108,28,140,518
豆豆鸽,5,7,50,55,50,36,30,43,145,105,79,519
咕咕鸽,5,7,62,77,62,50,42,65,145,105,79,520
高傲雉鸡,5,7,80,115,80,65,55,93,145,105,79,521
斑斑马,4,4,45,60,32,50,32,76,31,78,157,522
雷电斑马,4,4,75,100,63,80,63,116,31,78,157,523
石丸子,10,10,55,75,85,25,25,15,5,133,159,524
地幔岩,10,10,70,105,105,50,40,20,5,133,159,525
庞岩怪,10,10,85,135,130,60,80,25,5,45,159,526
滚滚蝙蝠,14,7,65,45,43,55,43,72,109,103,86,527
心蝙蝠,14,7,67,57,55,77,55,114,109,103,86,528
螺钉地鼠,11,11,60,85,40,30,45,68,146,159,104,529
龙头地鼠,11,12,110,135,60,50,65,88,146,159,104,530
差不多娃娃,5,5,103,60,86,60,86,50,131,144,103,531
超级差不多娃娃,5,18,103,60,126,80,126,50,131,131,131,531
搬运小匠,6,6,75,80,55,25,35,35,62,125,89,532
铁骨土人,6,6,85,105,85,40,50,40,62,125,89,533
修建老匠,6,6,105,140,95,55,65,45,62,125,89,534
圆蝌蚪,2,2,50,50,40,50,40,64,33,93,11,535
蓝蟾蜍,2,11,75,65,55,65,55,69,33,93,11,536
蟾蜍王,2,11,105,95,75,85,75,74,33,143,11,537
投摔鬼,6,6,120,100,85,30,85,45,62,39,104,538
打击鬼,6,6,75,125,75,30,75,85,5,39,104,539
虫宝包,8,3,45,53,70,40,60,42,68,34,142,540
宝包茧,8,3,55,63,90,50,80,42,102,34,142,541
保姆虫,8,3,75,103,80,70,80,92,68,34,142,542
百足蜈蚣,8,9,30,45,59,30,39,57,38,68,3,543
车轮球,8,9,40,55,99,40,79,47,38,68,3,544
蜈蚣王,8,9,60,100,89,55,69,112,38,68,3,545
木棉球,3,18,40,27,60,37,50,66,158,151,34,546
风妖精,3,18,60,67,85,77,75,116,158,151,34,547
百合根娃娃,3,3,45,35,50,70,50,30,34,20,102,548
裙儿小姐,3,3,70,60,75,110,75,90,34,20,102,549
裙儿小姐-洗翠的样子,3,6,70,105,75,50,75,105,34,55,102,549
野蛮鲈鱼-红条纹的样子,2,2,70,92,65,80,55,98,120,91,104,550
野蛮鲈鱼-蓝条纹的样子,2,2,70,92,65,80,55,98,69,91,104,550
野蛮鲈鱼-白条纹的样子,2,2,70,92,65,80,55,98,155,91,104,550
黑眼鳄,11,15,50,72,35,35,35,65,22,153,83,551
混混鳄,11,15,60,82,45,45,45,74,22,153,83,552
流氓鳄,11,15,95,117,80,65,70,92,22,153,83,553
火红不倒翁,1,1,70,90,45,15,45,50,55,39,39,554
火红不倒翁-伽勒尔的样子,13,13,70,90,45,15,45,50,55,39,39,554
达摩狒狒-普通模式,1,1,105,140,55,30,55,95,125,161,161,555
达摩狒狒-达摩模式,1,14,105,30,105,140,105,55,161,161,161,555
达摩狒狒-伽勒尔的样子,13,13,105,140,55,30,55,95,255,161,161,555
达摩狒狒-达摩模式,13,1,105,160,55,30,55,135,161,161,161,555
沙铃仙人掌,3,3,75,86,67,106,67,60,11,34,114,556
石居蟹,8,10,50,65,85,35,35,55,5,75,133,557
岩殿居蟹,8,10,70,105,125,65,75,45,5,75,133,558
滑滑小子,15,6,50,75,70,35,70,48,61,153,22,559
头巾混混,15,6,65,90,115,45,115,58,61,153,22,560
象征鸟,14,7,72,58,80,103,80,97,147,98,110,561
哭哭面具,16,16,38,30,85,55,65,30,152,152,152,562
哭哭面具-伽勒尔的样子,11,16,38,55,85,30,65,30,254,254,254,562
死神棺,16,16,58,50,145,95,105,30,152,152,152,563
原盖海龟,2,10,54,78,103,53,45,22,116,5,33,564
肋骨海龟,2,10,74,108,133,83,65,32,116,5,33,565
始祖小鸟,10,7,55,112,45,74,45,70,129,129,129,566
始祖大鸟,10,7,75,140,65,112,65,110,129,129,129,567
破破袋,9,9,50,50,62,40,62,65,1,60,106,568
灰尘山,9,9,80,95,82,60,82,75,1,133,106,569
灰尘山,9,9,80,95,82,60,82,75,1,133,106,569
索罗亚,15,15,40,65,40,80,40,65,149,149,149,570
索罗亚-洗翠的样子,5,16,35,60,40,85,40,70,149,149,149,570
索罗亚克,15,15,60,105,60,120,60,105,149,149,149,571
索罗亚克-洗翠的样子,5,16,60,105,60,120,60,105,149,149,149,571
泡沫栗鼠,5,5,55,50,40,40,40,75,56,101,92,572
奇诺栗鼠,5,5,75,95,60,65,60,115,56,101,92,573
哥德宝宝,14,14,45,30,50,55,65,45,119,172,23,574
哥德小童,14,14,60,45,70,75,85,55,119,172,23,575
哥德小姐,14,14,70,55,95,95,110,65,119,172,23,576
单卵细胞球,14,14,45,30,40,105,50,20,142,98,144,577
双卵细胞球,14,14,65,40,50,125,60,30,142,98,144,578
人造细胞卵,14,14,110,65,75,125,85,30,142,98,144,579
鸭宝宝,2,7,62,44,50,44,50,55,51,145,93,580
舞天鹅,2,7,75,87,63,87,63,98,51,145,93,581
迷你冰,13,13,36,50,50,65,60,44,115,81,133,582
多多冰,13,13,51,65,65,80,75,59,115,81,133,583
双倍多多冰,13,13,71,95,85,110,95,79,115,117,133,584
四季鹿-春天的样子,5,3,60,60,50,40,50,75,34,157,32,585
萌芽鹿-春天的样子,5,3,80,100,70,60,70,95,34,157,32,586
电飞鼠,4,7,55,75,60,75,60,103,9,78,78,587
盖盖虫,8,8,50,75,45,40,45,60,68,61,99,588
骑士蜗牛,8,12,70,135,105,60,105,20,68,75,142,589
哎呀球菇,3,9,69,55,45,55,55,15,27,144,144,590
败露球菇,3,9,114,85,70,85,80,30,27,144,144,591
轻飘飘,2,16,55,40,50,65,85,40,11,130,6,592
胖嘟嘟,2,16,100,60,70,85,105,60,11,130,6,593
保姆曼波,2,2,165,75,80,40,45,65,131,93,144,594
电电虫,8,4,50,47,50,57,50,65,14,127,68,595
电蜘蛛,8,4,70,77,60,97,60,108,14,127,68,596
种子铁球,3,12,44,50,91,24,86,10,160,160,160,597
坚果哑铃,3,12,74,94,131,54,116,20,160,107,107,598
齿轮儿,12,12,40,55,70,45,60,30,57,58,29,599
齿轮组,12,12,60,80,95,70,85,50,57,58,29,600
齿轮怪,12,12,60,100,115,70,85,90,57,58,29,601
麻麻小鱼,4,4,35,55,40,45,40,60,26,26,26,602
麻麻鳗,4,4,65,85,70,75,70,40,26,26,26,603
麻麻鳗鱼王,4,4,85,115,80,105,80,50,26,26,26,604
小灰怪,14,14,55,55,55,85,55,30,140,28,148,605
大宇怪,14,14,75,75,75,125,95,40,140,28,148,606
烛光灵,16,1,50,30,55,65,55,20,18,49,151,607
灯火幽灵,16,1,60,40,60,95,60,55,18,49,151,608
水晶灯火灵,16,1,60,55,90,145,90,80,18,49,151,609
牙牙,17,17,46,87,60,30,40,57,79,104,127,610
斧牙龙,17,17,66,117,70,40,50,67,79,104,127,611
双斧战龙,17,17,76,147,90,60,70,97,79,104,127,612
喷嚏熊,13,13,55,70,40,60,40,40,81,202,155,613
冻原熊,13,13,95,130,80,70,80,50,81,202,33,614
几何雪花,13,13,80,50,50,95,135,105,26,26,26,615
小嘴蜗,8,8,50,40,85,40,65,25,93,75,142,616
敏捷虫,8,8,80,70,40,100,60,145,93,60,84,617
泥巴鱼,11,4,109,66,84,81,99,32,9,7,8,618
泥巴鱼-伽勒尔的样子,11,12,109,81,99,66,84,32,250,250,250,618
功夫鼬,6,6,45,85,50,55,50,65,39,144,120,619
师父鼬,6,6,65,125,60,95,60,105,39,144,120,620
赤面龙,17,17,77,120,90,60,90,48,24,125,104,621
泥偶小人,11,16,59,74,50,35,50,35,89,103,99,622
泥偶巨人,11,16,89,124,80,55,80,55,89,103,99,623
驹刀小兵,15,12,45,85,70,40,40,60,128,39,46,624
劈斩司令,15,12,65,125,100,60,70,70,128,39,46,625
爆炸头水牛,5,5,95,110,95,40,95,55,120,157,43,626
毛头小鹰,5,7,70,83,50,37,50,60,51,125,55,627
勇士雄鹰,5,7,100,123,75,57,75,80,51,125,128,628
Braviary-Hisui,14,7,110,83,70,112,70,65,51,125,110,628
秃鹰丫头,15,7,70,55,75,45,65,60,145,142,133,629
秃鹰娜,15,7,110,65,105,55,95,80,145,142,133,630
熔蚁兽,1,1,85,97,66,105,66,65,82,18,73,631
铁蚁,8,12,58,109,112,48,48,109,68,55,54,632
单首龙,15,17,52,65,50,45,50,38,55,55,55,633
双首暴龙,15,17,72,85,70,65,70,58,55,55,55,634
三首恶龙,15,17,92,105,90,125,90,98,26,26,26,635
燃烧虫,8,1,55,85,55,50,55,60,49,68,68,636
火神蛾,8,1,85,60,65,135,105,100,49,68,68,637
勾帕路翁,12,6,91,90,129,90,72,108,154,154,154,638
代拉基翁,10,6,91,129,90,72,90,108,154,154,154,639
毕力吉翁,3,6,91,90,72,90,129,108,154,154,154,640
龙卷云-化身形态,7,7,79,115,70,125,80,111,158,128,128,641
龙卷云-灵兽形态,7,7,79,100,80,110,90,121,144,144,144,641
雷电云-化身形态,4,7,79,115,70,125,80,111,158,128,128,642
雷电云-灵兽形态,4,7,79,105,70,145,80,101,10,10,10,642
莱希拉姆,17,1,100,120,100,150,120,90,163,163,163,643
捷克罗姆,17,4,100,150,120,120,100,90,164,164,164,644
土地云-化身形态,11,7,89,125,90,115,80,101,159,125,125,645
土地云-灵兽形态,11,7,89,145,90,105,80,91,22,22,22,645
酋雷姆,17,13,125,130,90,130,90,95,46,46,46,646
暗黑酋雷姆,17,13,125,170,100,120,90,95,164,164,164,646
焰白酋雷姆,17,13,125,120,90,170,100,95,163,163,163,646
凯路迪欧-平常的样子,2,6,91,72,90,129,90,108,154,154,154,647
凯路迪欧-觉悟的样子,2,6,91,72,90,129,90,108,154,154,154,647
美洛耶塔-歌声形态,5,14,100,77,77,128,128,90,32,32,32,648
美洛耶塔-舞步形态,5,6,100,128,90,77,77,128,32,32,32,648
盖诺赛克特,8,12,71,120,95,120,95,99,88,88,88,649
盖诺赛克特-Douse,8,12,71,120,95,120,95,99,88,88,88,649
盖诺赛克特-Shock,8,12,71,120,95,120,95,99,88,88,88,649
盖诺赛克特-Burn,8,12,71,120,95,120,95,99,88,88,88,649
盖诺赛克特-Chill,8,12,71,120,95,120,95,99,88,88,88,649
哈力栗,3,3,56,61,65,48,45,38,65,171,171,650
胖胖哈力,3,3,61,78,95,56,58,57,65,171,171,651
布里卡隆,3,6,88,107,122,74,75,64,65,171,171,652
火狐狸,1,1,40,45,40,62,60,60,66,170,170,653
长尾火狐,1,1,59,59,58,90,70,73,66,170,170,654
妖火红狐,1,14,75,69,72,114,100,104,66,170,170,655
呱呱泡蛙,2,2,41,56,40,62,44,71,67,168,168,656
呱头蛙,2,2,54,63,52,83,56,97,67,168,168,657
甲贺忍蛙,2,15,72,95,67,103,71,122,67,168,210,658
小智版甲贺忍蛙,2,15,72,145,67,153,71,132,210,210,210,658
掘掘兔,5,5,38,36,38,32,36,57,53,167,37,659
掘地兔,5,11,85,56,77,50,77,78,53,167,37,660
小箭雀,5,7,45,50,43,40,38,62,145,177,177,661
火箭雀,1,7,62,73,55,56,52,84,49,177,177,662
烈箭鹰,1,7,78,81,71,74,69,126,49,177,177,663
粉蝶虫,8,8,38,35,40,27,25,35,19,14,132,664
粉蝶蛹,8,8,45,22,60,27,30,29,61,132,132,665
彩粉蝶,8,7,80,52,50,90,50,89,19,14,132,666
彩粉蝶-Fancy,8,7,80,52,50,90,50,89,19,14,132,666
彩粉蝶-Pokeball,8,7,80,52,50,90,50,89,19,14,14,666
小狮狮,1,5,62,50,58,73,54,72,79,127,153,667
火炎狮,1,5,86,68,72,109,66,106,79,127,153,668
花蓓蓓,18,18,44,38,39,61,79,42,166,180,180,669
花叶蒂,18,18,54,45,47,75,98,52,166,180,180,670
花叶蒂-Eternal,18,18,74,65,67,125,128,92,166,166,166,670
花洁夫人,18,18,78,65,68,112,154,75,166,180,180,671
坐骑小羊,3,3,66,65,48,62,57,52,157,179,179,672
坐骑山羊,3,3,123,100,62,97,81,68,157,179,179,673
顽皮熊猫,6,6,67,82,62,46,48,43,89,104,113,674
流氓熊猫,6,15,95,124,78,69,71,58,89,104,113,675
多丽米亚-国王造型,5,5,75,80,60,65,90,102,169,169,169,676
妙喵,14,14,62,48,54,63,60,68,51,151,20,677
超能妙喵-雄性的样子,14,14,74,48,76,83,81,104,51,151,158,678
超能妙喵-雌性的样子,14,14,74,48,76,83,81,104,51,151,172,678
独剑鞘,12,16,45,80,100,35,37,28,99,99,99,679
双剑鞘,12,16,59,110,150,45,49,35,99,99,99,680
坚盾剑怪-盾牌形态,12,16,60,50,140,50,140,60,176,176,176,681
坚盾剑怪-刀剑形态,12,16,60,140,50,140,50,60,176,176,176,681
粉香香,18,18,78,52,60,63,65,23,131,165,165,682
芳香精,18,18,101,72,72,99,89,29,131,165,165,683
绵绵泡芙,18,18,62,48,66,59,57,49,175,84,84,684
胖甜妮,18,18,82,80,86,85,75,72,175,84,84,685
好啦鱿,15,14,53,54,53,37,46,45,126,21,151,686
乌贼王,15,14,86,92,88,68,75,73,126,21,151,687
龟脚脚,10,2,42,52,67,39,56,50,181,97,124,688
龟足巨铠,10,2,72,105,115,54,86,68,181,97,124,689
垃垃藻,9,2,50,60,60,60,60,30,38,143,91,690
毒藻龙,9,17,65,75,90,97,123,44,38,143,91,691
铁臂枪虾,2,2,50,53,62,58,63,44,178,178,178,692
钢炮臂虾,2,2,71,73,88,120,89,59,178,178,178,693
伞电蜥,4,5,44,38,33,61,43,70,87,8,94,694
光电伞蜥,4,5,62,55,52,109,94,109,87,8,94,695
宝宝暴龙,10,17,58,89,77,45,45,48,173,5,5,696
怪颚龙,10,17,82,121,119,69,59,71,173,69,69,697
冰雪龙,10,13,77,59,50,67,63,46,174,117,117,698
冰雪巨龙,10,13,123,77,72,99,92,58,174,117,117,699
仙子伊布,18,18,95,65,65,110,130,60,56,182,182,700
摔角鹰人,6,7,78,92,75,74,63,118,7,84,104,701
咚咚鼠,4,18,67,58,57,81,67,101,167,53,57,702
小碎钻,10,18,50,50,150,50,150,50,29,5,5,703
黏黏宝,17,17,45,50,35,55,75,40,157,93,183,704
黏美儿,17,17,68,75,53,83,113,60,157,93,183,705
黏美儿-洗翠的样子,12,17,58,75,83,83,113,40,157,75,183,705
黏美龙,17,17,90,100,70,110,150,80,157,93,183,706
黏美龙-洗翠的样子,12,17,80,100,100,110,150,60,157,75,183,706
钥圈儿,12,18,57,80,91,80,87,75,158,170,170,707
小木灵,16,3,43,70,48,50,60,38,30,119,139,708
朽木妖,16,3,85,110,76,65,82,56,30,119,139,709
南瓜精-普通尺寸,16,3,49,66,70,44,55,51,53,119,15,710
南瓜精-小尺寸,16,3,44,66,70,44,55,56,53,119,15,710
南瓜精-大尺寸,16,3,54,66,70,44,55,46,53,119,15,710
南瓜精-特大尺寸,16,3,59,66,70,44,55,41,53,119,15,710
南瓜怪人-普通尺寸,16,3,65,90,122,58,75,84,53,119,15,711
南瓜怪人-小尺寸,16,3,55,85,122,58,75,99,53,119,15,711
南瓜怪人-大尺寸,16,3,75,95,122,58,75,69,53,119,15,711
南瓜怪人-特大尺寸,16,3,85,100,122,58,75,54,53,119,15,711
冰宝,13,13,55,69,85,32,35,28,20,115,5,712
冰岩怪,13,13,95,117,184,44,46,28,20,115,5,713
冰岩怪-洗翠的样子,13,10,95,127,184,34,36,38,173,115,5,713
嗡蝠,7,17,40,30,35,45,40,55,119,151,140,714
音波龙,7,17,85,70,80,97,80,123,119,151,140,715
哲尔尼亚斯,18,18,126,131,95,131,98,99,187,187,187,716
哲尔尼亚斯-活跃模式,18,18,126,131,95,131,98,99,187,187,187,716
伊裴尔塔尔,15,7,126,131,95,131,98,99,186,186,186,717
基格尔德-50%形态,17,11,108,100,121,81,95,95,188,211,211,718
基格尔德-10%形态,17,11,54,100,71,61,85,115,188,211,211,718
基格尔德-完全体形态,17,11,216,100,121,91,95,85,211,211,211,718
蒂安希,10,18,50,100,150,100,150,50,29,29,29,719
超级蒂安希,10,18,50,160,110,160,110,110,156,156,156,719
惩戒胡帕,14,16,80,110,60,150,130,70,170,170,170,720
解放胡帕,14,15,80,160,60,170,130,80,170,170,170,720
波尔凯尼恩,1,2,80,110,120,130,90,70,11,11,11,721
木木枭,3,7,68,55,55,50,50,42,65,203,203,722
投羽枭,3,7,78,75,75,70,70,52,65,203,203,723
狙射树枭,3,16,78,107,75,100,100,70,65,203,203,724
狙射树枭-洗翠的样子,3,6,88,112,80,95,95,60,65,203,203,724
火斑喵,1,1,45,65,40,60,40,70,66,22,22,725
炎热喵,1,1,65,85,50,80,50,90,66,22,22,726
炽焰咆哮虎,1,15,95,115,90,80,90,60,66,22,22,727
球球海狮,2,2,50,54,54,66,56,40,67,204,204,728
花漾海狮,2,2,60,69,69,91,81,50,67,204,204,729
西狮海壬,2,18,80,74,74,126,116,60,67,204,204,730
小笃儿,5,7,35,75,30,30,30,65,51,92,53,731
喇叭啄鸟,5,7,55,85,50,40,50,75,51,92,53,732
铳嘴大鸟,5,7,80,120,75,75,75,60,51,92,125,733
猫鼬少,5,5,48,70,30,30,30,45,198,173,91,734
猫鼬探长,5,5,88,110,60,55,60,45,198,173,91,735
猫鼬探长-霸主,5,5,88,110,60,55,60,45,91,91,91,735
强颚鸡母虫,8,8,47,62,45,55,45,46,68,68,68,736
虫电宝,8,4,57,82,95,55,75,36,217,217,217,737
锹农炮虫,8,4,77,70,90,145,75,43,26,26,26,738
锹农炮虫-霸主,8,4,77,70,90,145,75,43,26,26,26,738
好胜蟹,6,6,47,82,57,42,47,63,52,89,83,739
好胜毛蟹,6,13,97,132,77,62,67,43,52,89,83,740
花舞鸟-热辣热辣风格,1,7,75,70,70,98,70,93,216,216,216,741
花舞鸟-啪滋啪滋风格,4,7,75,70,70,98,70,93,216,216,216,741
花舞鸟-呼拉呼拉风格,14,7,75,70,70,98,70,93,216,216,216,741
花舞鸟-轻盈轻盈风格,16,7,75,70,70,98,70,93,216,216,216,741
萌虻,8,18,40,45,40,55,40,84,118,19,175,742
蝶结萌虻,8,18,60,55,60,95,70,124,118,19,175,743
蝶结萌虻-霸主,8,18,60,55,60,95,70,124,175,175,175,743
岩狗狗,10,10,45,65,40,30,40,60,51,72,80,744
鬃岩狼人-白昼的样子,10,10,75,115,65,55,65,112,51,146,80,745
鬃岩狼人-黑夜的样子,10,10,85,115,75,55,75,82,51,72,99,745
鬃岩狼人-黄昏的样子,10,10,75,117,65,55,65,110,181,181,181,745
弱丁鱼-单独的样子,2,2,45,20,20,25,25,40,208,208,208,746
弱丁鱼-鱼群的样子,2,2,45,140,130,140,135,30,208,208,208,746
好坏星,9,2,50,53,62,43,52,45,196,7,144,747
超坏星,9,2,50,63,152,53,142,35,196,7,144,748
泥驴仔,11,11,70,100,70,45,55,45,20,192,39,749
重泥挽马,11,11,100,125,100,55,85,35,20,192,39,750
滴蛛,2,8,38,40,52,40,72,27,199,11,11,751
滴蛛霸,2,8,68,70,92,50,132,42,199,11,11,752
滴蛛霸-霸主,2,8,68,70,92,50,132,42,199,199,199,752
伪螳草,3,3,40,55,35,50,35,35,102,126,126,753
兰螳花,3,3,70,105,90,80,90,45,102,126,126,754
兰螳花-霸主,3,3,70,105,90,80,90,45,102,102,102,754
睡睡菇,3,18,40,35,55,65,75,15,35,27,44,755
灯罩夜菇,3,18,60,45,80,90,100,30,35,27,44,756
夜盗火蜥,9,1,48,44,40,71,40,77,212,12,12,757
焰后蜥,9,1,68,64,60,111,60,117,212,12,12,758
焰后蜥-霸主,9,1,68,64,60,111,60,117,212,212,212,758
童偶熊,5,6,70,75,50,45,50,50,218,103,56,759
穿着熊,5,6,120,125,80,55,60,60,218,103,127,760
甜竹竹,3,3,42,30,38,30,38,32,102,12,175,761
甜舞妮,3,3,52,40,48,40,48,62,102,12,175,762
甜冷美后,3,3,72,120,98,50,98,72,102,214,175,763
花疗环环,18,18,51,52,90,82,110,100,166,205,30,764
智挥猩,5,14,90,60,80,90,110,60,39,140,180,765
投掷猴,6,6,100,120,90,40,60,80,222,128,128,766
胆小虫,8,2,25,35,40,20,30,80,193,193,193,767
具甲武者,8,2,75,125,140,60,90,40,194,194,194,768
沙丘娃,16,11,55,55,80,70,45,15,195,8,8,769
噬沙堡爷,16,11,85,75,110,100,75,35,195,8,8,770
拳海参,2,2,55,60,130,30,130,5,215,109,109,771
属性:空,5,5,95,95,95,95,95,59,4,4,4,772
银伴战兽,5,5,95,95,95,95,95,95,225,225,225,773
银伴战兽-Bug,8,8,95,95,95,95,95,95,225,225,225,773
银伴战兽-Dark,15,15,95,95,95,95,95,95,225,225,225,773
银伴战兽-Dragon,17,17,95,95,95,95,95,95,225,225,225,773
银伴战兽-Electric,4,4,95,95,95,95,95,95,225,225,225,773
银伴战兽-Fairy,18,18,95,95,95,95,95,95,225,225,225,773
银伴战兽-Fighting,6,6,95,95,95,95,95,95,225,225,225,773
银伴战兽-Fire,1,1,95,95,95,95,95,95,225,225,225,773
银伴战兽-Flying,7,7,95,95,95,95,95,95,225,225,225,773
银伴战兽-Ghost,16,16,95,95,95,95,95,95,225,225,225,773
银伴战兽-Grass,3,3,95,95,95,95,95,95,225,225,225,773
银伴战兽-Ground,11,11,95,95,95,95,95,95,225,225,225,773
银伴战兽-Ice,13,13,95,95,95,95,95,95,225,225,225,773
银伴战兽-Poison,9,9,95,95,95,95,95,95,225,225,225,773
银伴战兽-Psychic,14,14,95,95,95,95,95,95,225,225,225,773
银伴战兽-Rock,10,10,95,95,95,95,95,95,225,225,225,773
银伴战兽-Steel,12,12,95,95,95,95,95,95,225,225,225,773
银伴战兽-Water,2,2,95,95,95,95,95,95,225,225,225,773
小陨星-流星的样子,10,7,60,100,60,100,60,120,197,197,197,774
Minior-Meteor,10,7,60,60,100,60,100,60,197,197,197,774
树枕尾熊,5,5,65,115,65,75,95,65,213,213,213,775
爆焰龟兽,1,17,60,78,135,91,85,36,75,75,75,776
托戈德玛尔,4,12,65,98,63,40,73,96,160,31,5,777
托戈德玛尔,4,12,65,98,63,40,73,96,5,5,5,777
谜拟Q,16,18,55,90,80,50,105,96,209,209,209,778
谜拟Q-现形的样子,16,18,55,90,80,50,105,96,209,209,209,778
谜拟Q-霸主,16,18,55,90,80,50,105,96,209,209,209,778
谜拟Q-现形的样子-霸主,16,18,55,90,80,50,105,96,209,209,209,778
磨牙彩皮鱼,2,14,68,105,70,70,70,92,219,173,147,779
老翁龙,5,17,78,60,85,135,91,36,201,157,13,780
破破舵轮,16,3,70,131,100,86,90,40,200,200,200,781
心鳞宝,17,17,45,55,65,45,45,45,171,43,142,782
鳞甲龙,17,6,55,75,90,65,70,65,171,43,142,783
杖尾鳞甲龙,17,6,75,110,125,100,105,85,171,43,142,784
杖尾鳞甲龙-霸主,17,6,75,110,125,100,105,85,142,142,142,784
卡璞・鸣鸣,4,18,70,115,85,95,75,130,226,140,140,785
卡璞・蝶蝶,14,18,70,85,75,130,115,95,227,140,140,786
卡璞・哞哞,3,18,70,130,115,85,95,75,229,140,140,787
卡璞・鳍鳍,2,18,70,75,115,95,130,85,228,140,140,788
科斯莫古,14,14,43,29,31,29,31,37,109,109,109,789
科斯莫姆,14,14,43,29,131,29,131,37,5,5,5,790
索尔迦雷欧,14,12,137,137,107,113,89,97,230,230,230,791
露奈雅拉,14,16,137,113,89,137,107,97,231,231,231,792
虚吾伊德,10,9,109,53,47,127,131,103,224,224,224,793
爆肌蚊,8,6,107,139,139,53,53,79,224,224,224,794
费洛美螂,8,6,71,137,37,137,37,151,224,224,224,795
电束木,4,4,83,89,71,173,71,83,224,224,224,796
铁火辉夜,12,7,97,101,103,107,101,61,224,224,224,797
纸御剑,3,12,59,181,131,59,31,109,224,224,224,798
恶食大王,15,17,223,101,53,97,53,43,224,224,224,799
奈克洛兹玛,14,14,97,107,101,127,89,79,232,232,232,800
奈克洛兹玛-黄昏之鬃,14,12,97,157,127,113,109,77,232,232,232,800
奈克洛兹玛-拂晓之翼,14,16,97,113,109,157,127,77,232,232,232,800
究极奈克洛兹玛,14,17,97,167,97,167,97,129,233,233,233,800
玛机雅娜,12,18,80,95,115,130,115,65,220,220,220,801
玛机雅娜-500年前的颜色,12,18,80,95,115,130,115,65,220,220,220,801
玛夏多,6,16,90,125,80,90,90,125,101,101,101,802
毒贝比,9,9,67,73,67,73,67,73,224,224,224,803
四颚针龙,9,17,73,73,73,127,73,121,224,224,224,804
垒磊石,10,12,61,131,211,53,101,13,224,224,224,805
砰头小丑,1,16,53,127,53,151,79,107,224,224,224,806
捷拉奥拉,4,4,88,112,75,102,80,143,10,10,10,807
美录坦,12,12,46,65,65,55,35,34,42,42,42,808
美录梅塔,12,12,135,143,143,80,65,34,89,89,89,809
美录梅塔-超极巨,12,12,135,143,143,80,65,34,89,89,89,809
敲音猴,3,3,50,65,50,40,40,65,65,229,229,810
啪咚猴,3,3,70,85,70,55,60,80,65,229,229,811
轰擂金刚猩,3,3,100,125,90,60,70,85,65,229,229,812
轰擂金刚猩-超极巨化,3,3,100,125,90,60,70,85,65,229,229,812
炎兔儿,1,1,50,71,40,40,40,69,66,236,236,813
腾蹴小将,1,1,65,86,60,55,60,94,66,236,236,814
闪焰王牌,1,1,80,116,75,65,75,119,66,236,236,815
闪焰王牌-超极巨化,1,1,80,116,75,65,75,119,66,236,236,815
泪眼蜥,2,2,50,40,40,70,40,70,67,97,97,816
变涩蜥,2,2,65,60,55,95,55,90,67,97,97,817
千面避役,2,2,70,85,65,125,65,120,67,97,97,818
千面避役-超极巨化,2,2,70,85,65,125,65,120,67,97,97,818
贪心栗鼠,5,5,70,55,55,35,35,25,167,82,82,819
藏饱栗鼠,5,5,120,95,95,55,75,20,167,82,82,820
稚山雀,7,7,38,47,35,33,35,57,51,127,145,821
蓝鸦,7,7,68,67,55,43,55,77,51,127,145,822
钢铠鸦,7,12,98,87,105,53,85,67,46,127,240,823
钢铠鸦-超极巨,7,12,98,87,105,53,85,67,46,127,240,823
索侦虫,8,8,25,20,20,25,45,45,68,14,140,824
天罩虫,8,14,50,35,80,50,90,30,68,14,140,825
以欧路普,8,14,60,45,110,80,120,90,68,119,140,826
以欧路普-超极巨,8,14,60,45,110,80,120,90,68,119,140,826
偷儿狐,15,15,40,28,28,47,52,50,50,84,198,827
狐大盗,15,15,70,58,58,87,92,90,50,84,198,828
幼棉棉,3,3,40,40,60,40,60,10,238,144,27,829
白蓬蓬,3,3,60,50,90,80,120,60,238,144,27,830
毛辫羊,5,5,42,40,55,40,45,48,218,50,171,831
毛毛角羊,5,5,72,80,100,60,90,88,218,80,171,832
咬咬龟,2,2,50,64,50,38,38,44,173,75,33,833
暴噬龟,2,10,90,115,90,48,68,74,173,75,33,834
暴噬龟-超极巨,2,10,90,115,90,48,68,74,173,75,33,834
来电汪,4,4,59,45,50,40,50,26,237,155,155,835
逐电犬,4,4,69,90,60,90,60,121,173,172,172,836
小炭仔,10,10,30,40,50,40,50,30,243,85,18,837
大炭车,10,1,80,60,90,60,70,50,243,49,18,838
巨炭山,10,1,110,80,120,80,90,30,243,49,18,839
巨炭山-超极巨,10,1,110,80,120,80,90,30,243,49,18,839
啃果虫,3,17,40,40,80,40,40,20,247,82,171,840
苹裹龙,3,17,70,110,80,95,60,70,247,82,55,841
苹裹龙-超极巨,3,17,70,110,80,95,60,70,247,82,55,841
丰蜜龙,3,17,110,85,80,100,80,30,247,82,47,842
丰蜜龙-超极巨,3,17,110,85,80,100,80,30,247,82,47,842
沙包蛇,11,11,52,57,75,35,50,46,245,61,8,843
沙螺蟒,11,11,72,107,125,65,70,71,245,61,8,844
沙螺蟒-超极巨,11,11,72,107,125,65,70,71,245,61,8,844
古月鸟,7,2,70,85,55,85,95,85,241,241,241,845
古月鸟-一口吞的样子,7,2,70,85,55,85,95,85,241,241,241,845
古月鸟-大口吞的样子,7,2,70,85,55,85,95,85,241,241,241,845
刺梭鱼,2,2,41,63,40,40,30,66,33,239,239,846
戽斗尖梭,2,2,61,123,60,60,50,136,33,239,239,847
毒电婴,4,9,40,38,35,54,35,40,155,9,103,848
颤弦蝾螈-高调的样子,4,9,75,98,70,114,70,75,244,57,101,849
颤弦蝾螈-低调的样子,4,9,75,98,70,114,70,75,244,58,101,849
颤弦蝾螈-高调的样子,4,9,75,98,70,114,70,75,244,57,101,849
颤弦蝾螈-低调的样子,4,9,75,98,70,114,70,75,244,58,101,849
烧火蚣,1,8,50,65,45,50,50,45,18,73,49,850
焚焰蚣,1,8,100,115,65,90,90,65,18,73,49,851
焚焰蚣,1,8,100,115,65,90,90,65,18,73,49,851
拳拳蛸,6,6,50,68,60,50,50,32,7,101,101,852
八爪武师,6,6,80,118,90,70,80,42,7,101,101,853
来悲茶,16,16,40,45,45,74,54,50,133,130,130,854
来悲茶-真品,16,16,40,45,45,74,54,50,133,130,130,854
怖思壶,16,16,60,65,65,134,114,70,133,130,130,855
怖思壶-真品,16,16,60,65,65,134,114,70,133,130,130,855
迷布莉姆,14,14,42,30,45,56,53,39,131,107,156,856
提布莉姆,14,14,57,40,65,86,73,49,131,107,156,857
布莉姆温,14,18,57,90,95,136,103,29,131,107,156,858
布莉姆温-超极巨,14,18,57,90,95,136,103,29,131,107,156,858
捣蛋小妖,15,18,45,45,30,55,40,50,158,119,124,859
诈唬魔,15,18,65,60,45,75,55,70,158,119,124,860
长毛巨魔,15,18,95,120,65,95,75,60,158,119,124,861
长毛巨魔-超极巨,15,18,95,120,65,95,75,60,158,119,124,861
堵拦熊,15,5,93,90,101,60,81,95,120,62,128,862
喵头目,12,12,70,110,100,50,60,50,4,181,252,863
魔灵珊瑚,16,16,60,95,50,145,130,30,133,253,253,864
葱游兵,6,6,62,135,95,68,82,65,80,113,113,865
踏冰人偶,13,14,80,85,75,110,100,70,77,251,115,866
死神板,11,16,58,95,145,50,105,30,254,254,254,867
小仙奶,18,18,45,40,40,50,61,34,175,165,165,868
霜奶仙-奶香香草,18,18,65,60,75,110,121,64,175,165,165,869
霜奶仙-奶香香草,18,18,65,60,75,110,121,64,175,165,165,869
列阵兵,6,6,65,100,100,70,60,75,4,128,128,870
啪嚓海胆,4,4,48,101,95,91,85,15,31,226,226,871
雪吞虫,13,8,30,25,35,45,30,20,19,246,246,872
雪绒蛾,13,8,70,65,60,125,90,65,19,246,246,873
巨石丁,10,10,100,125,135,20,20,70,249,249,249,874
冰砌鹅-结冻头,13,13,75,80,110,65,90,50,248,248,248,875
冰砌鹅-解冻头,13,13,75,80,70,65,50,130,248,248,248,875
爱管侍-雄性的样子,14,5,60,65,55,105,95,95,39,28,227,876
爱管侍-雌性的样子,14,5,70,55,65,95,105,85,20,28,227,876
莫鲁贝可-满腹花纹,4,15,58,95,58,70,58,97,258,258,258,877
莫鲁贝可-空腹花纹,4,15,58,95,58,70,58,97,258,258,258,877
铜象,12,12,72,80,49,40,49,40,125,134,134,878
大王铜象,12,12,122,130,69,80,69,30,125,134,134,879
大王铜象,12,12,122,130,69,80,69,30,125,134,134,879
雷鸟龙,4,17,90,100,90,80,70,75,10,55,146,880
雷鸟海兽,4,13,90,100,90,90,80,55,10,9,202,881
鳃鱼龙,2,17,90,90,100,70,80,75,11,173,146,882
鳃鱼海兽,2,13,90,90,100,80,90,55,11,115,202,883
铝钢龙,12,17,70,95,115,120,50,85,135,134,242,884
铝钢龙,12,17,70,95,115,120,50,85,135,134,242,884
多龙梅西亚,17,16,28,60,30,40,30,82,29,151,130,885
多龙奇,17,16,68,80,50,60,50,102,29,151,130,886
多龙巴鲁托,17,16,88,120,75,100,75,142,29,151,130,887
苍响-百战勇者,18,18,92,120,115,80,115,138,234,234,234,888
苍响-剑之王,18,12,92,150,115,80,115,148,234,234,234,888
藏玛然特-百战勇者,6,6,92,120,115,80,115,138,235,235,235,889
藏玛然特-盾之王,6,12,92,120,140,80,140,128,235,235,235,889
无极汰那,9,17,140,85,95,145,95,130,46,46,46,890
无极汰那-无极巨化,9,17,255,115,250,125,250,130,46,46,46,890
熊徒弟,6,6,60,90,60,53,50,72,39,99,99,891
武道熊师-一击流,6,15,100,130,100,63,60,97,260,260,260,892
武道熊师-连击流,6,2,100,130,100,63,60,97,260,260,260,892
武道熊师-一击流-超极巨,6,15,100,130,100,63,60,97,260,260,260,892
武道熊师-连击流-超极巨,6,2,100,130,100,63,60,97,260,260,260,892
萨戮德,15,3,105,120,105,70,95,105,102,102,102,893
萨戮德-阿爸,15,3,105,120,105,70,95,105,102,102,102,893
雷吉艾勒奇,4,4,80,100,50,100,50,200,262,262,262,894
雷吉铎拉戈,17,17,200,100,50,100,50,80,0,0,0,895
雪暴马,13,13,100,145,130,65,110,30,264,264,264,896
灵幽马,16,16,100,65,60,145,80,130,265,265,265,897
蕾冠王,14,3,100,80,80,80,80,80,127,127,127,898
蕾冠王-骑白马的样子,14,13,100,165,150,85,130,50,0,0,0,898
蕾冠王-骑黑马的样子,14,16,100,85,80,165,100,150,0,0,0,898
诡角鹿,5,14,103,105,72,105,75,65,22,119,157,899
劈斧螳螂,8,10,70,130,95,45,75,85,68,125,292,900
月月熊,11,5,130,140,105,45,80,50,62,171,127,901
幽尾玄鱼,2,16,120,112,65,80,75,78,33,91,104,902
幽尾玄鱼-雌性,2,16,120,92,65,100,75,78,33,91,104,902
大狃拉,6,9,80,130,60,40,80,120,46,84,143,903
万针鱼,15,9,85,115,95,65,65,85,38,33,22,904
眷恋云,18,7,74,115,70,135,80,106,56,126,126,905
眷恋云-灵兽形态,18,7,74,115,110,135,100,46,142,142,142,905
新叶喵,3,3,40,61,54,45,45,65,65,168,168,906
蒂蕾喵,3,3,61,80,63,60,63,83,65,168,168,907
魔幻假面喵,3,15,76,110,70,81,70,123,65,168,168,908
呆火鳄,1,1,67,45,59,63,40,36,66,109,109,909
炙烫鳄,1,1,81,55,78,90,58,49,66,109,109,910
骨纹巨声鳄,1,16,104,75,100,110,75,66,66,109,109,911
润水鸭,2,2,55,65,45,50,45,50,67,153,153,912
涌跃鸭,2,2,70,85,65,65,60,65,67,153,153,913
狂欢浪舞鸭,2,6,85,120,80,85,75,85,67,153,153,914
爱吃豚,5,5,54,45,40,35,45,35,165,82,47,915
飘香豚,5,5,110,100,75,59,80,65,268,82,47,916
飘香豚-雌性的样子,5,5,115,90,70,59,90,65,165,82,47,916
土龙节节,5,5,125,100,80,85,75,55,32,50,155,917
土龙节节-三节形态,5,5,125,100,80,85,75,55,32,50,155,917
团珠蛛,8,8,35,41,45,29,40,20,15,198,198,918
操陷蛛,8,8,60,79,92,52,86,35,15,198,198,919
豆蟋蟀,8,8,33,46,40,21,25,45,68,110,110,920
烈腿蝗,8,15,71,102,78,52,55,92,68,110,110,921
虫滚泥,8,8,41,50,60,31,58,30,14,61,61,922
虫甲圣,8,14,75,50,85,115,100,45,28,140,140,923
墓仔狗,16,16,50,61,60,30,55,34,53,218,218,924
墓扬犬,16,16,72,101,100,50,97,68,146,218,218,925
飘飘雏,14,14,30,35,30,55,40,75,107,119,3,926
超能艳鸵,14,14,95,60,60,101,60,105,290,119,3,927
奇麒麟,5,14,120,90,70,110,70,60,291,296,157,928
海地鼠,2,2,10,55,25,35,25,95,183,155,8,929
三海地鼠,2,2,35,100,50,50,70,120,183,155,8,930
吃吼霸,2,2,150,100,115,65,65,35,109,12,41,931
轻身鳕,2,14,90,102,73,78,65,70,104,292,292,932
波普海豚,2,2,70,45,40,45,40,75,41,41,41,933
海豚侠,2,2,100,70,72,53,62,100,278,278,278,934
海豚侠-全能模式,2,2,100,160,97,106,87,100,278,278,278,934
迷你芙,3,5,41,35,45,58,51,30,48,139,139,935
奥利纽,3,5,52,53,60,78,78,33,48,139,139,936
奥利瓦,3,5,78,69,90,125,109,39,269,139,139,937
热辣娃,3,3,52,62,40,62,40,50,34,15,103,938
狠辣椒,3,1,65,108,65,108,65,75,34,15,141,939
光蚪仔,4,4,61,31,41,59,35,45,20,9,6,940
电肚蛙,4,4,109,64,91,103,83,45,280,9,6,941
噗隆隆,12,9,45,70,63,30,45,47,142,112,112,942
普隆隆姆,12,9,80,119,90,54,67,90,142,111,111,943
拖拖蚓,12,12,70,85,145,60,55,65,297,8,8,944
一对鼠,5,5,50,50,45,40,45,75,50,53,20,945
一家鼠,5,5,74,75,70,65,75,111,132,167,101,946
一家鼠-四只家庭,5,5,74,75,70,65,75,111,132,167,101,946
走鲸,13,13,108,68,45,30,40,43,47,81,125,947
浩大鲸,13,13,170,113,65,45,55,73,47,202,125,948
凉脊龙,17,13,65,75,45,35,45,55,270,115,115,949
冻脊龙,17,13,90,95,66,45,65,62,270,115,115,950
戟脊龙,17,13,115,145,92,75,86,87,270,115,115,951
米立龙,17,2,68,50,60,120,95,82,279,114,114,952
摩托蜥,17,5,70,95,65,85,65,121,61,144,144,953
布拨,4,4,45,50,20,40,25,60,9,30,89,954
布土拨,4,6,60,75,40,50,40,85,10,30,89,955
巴布土拨,4,6,70,115,70,70,60,105,10,30,89,956
电海燕,4,7,40,40,35,55,40,70,277,10,172,957
大电海燕,4,7,70,70,60,105,60,125,277,10,172,958
下石鸟,7,15,70,103,85,60,85,82,145,51,276,959
怒鹦哥,5,7,82,96,51,45,51,92,22,55,62,960
怒鹦哥-蓝羽毛,5,7,82,96,51,45,51,92,22,55,62,960
怒鹦哥-黄羽毛,5,7,82,96,51,45,51,92,22,55,125,960
怒鹦哥-白羽毛,5,7,82,96,51,45,51,92,22,55,125,960
缠红鹤,7,6,82,115,74,75,64,90,113,77,294,961
毛崖蟹,10,10,70,100,115,35,55,75,271,75,144,962
盐石宝,10,10,55,55,75,35,35,25,272,5,29,963
盐石垒,10,10,60,60,100,35,65,35,272,5,29,964
盐石巨灵,10,10,100,100,130,45,90,35,272,5,29,965
晶光芽,10,9,48,35,42,105,60,60,295,212,212,966
晶光花,10,9,83,55,90,130,81,86,295,212,212,967
滋汁鼹,9,5,40,65,35,40,35,75,84,124,158,968
涂标客,9,5,63,95,65,80,72,110,84,143,158,969
狗仔包,18,18,37,55,70,30,55,65,20,103,103,970
麻花犬,18,18,57,80,115,50,80,95,273,273,273,971
偶叫獒,15,15,60,78,60,40,51,51,22,50,198,972
獒教父,15,15,80,120,90,60,70,85,22,275,198,973
纳噬草,3,16,40,65,30,45,35,60,274,151,151,974
怖纳噬草,3,16,55,115,70,80,70,90,274,151,151,975
索财灵,16,16,45,30,70,75,70,10,155,155,155,976
索财灵-徒步形态,16,16,45,30,25,75,45,80,50,50,50,976
赛富豪,16,12,87,60,95,133,91,84,283,283,283,977
雄伟牙,11,6,115,131,131,53,53,87,281,281,281,978
猛恶菇,3,15,111,127,99,79,99,55,281,281,281,979
沙铁皮,4,11,85,81,97,121,85,101,281,281,281,981
吼叫尾,18,14,115,65,99,65,115,111,281,281,281,982
振翼发,16,18,55,55,55,135,135,135,281,281,281,983
爬地翅,8,6,85,135,79,85,105,81,281,281,281,984
轰鸣月,17,15,105,139,71,55,101,119,281,281,281,985
铁辙迹,11,12,90,112,120,72,70,106,282,282,282,986
铁毒蛾,1,9,80,70,60,140,110,110,282,282,282,988
铁臂膀,6,4,154,140,108,50,68,50,282,282,282,989
铁脖颈,15,7,94,80,86,122,80,108,282,282,282,990
铁荆棘,10,4,100,134,110,70,84,72,282,282,282,991
铁包袱,13,2,56,80,114,124,60,136,282,282,282,992
铁武者,18,6,74,130,90,120,60,116,282,282,282,993
古鼎鹿,15,11,155,110,130,50,80,45,284,284,284,994
古剑豹,15,13,80,120,80,90,65,135,285,285,285,995
古简蜗,15,3,85,85,100,95,135,70,286,286,286,996
古玉鱼,15,1,55,80,80,135,120,100,287,287,287,997
故勒顿,6,17,100,135,115,85,100,135,288,288,288,998
密勒顿,4,17,100,85,100,135,115,135,289,289,289,999
小锻匠,18,12,50,45,45,35,64,58,104,20,124,1000
巧锻匠,18,12,65,55,55,45,82,78,104,20,124,1001
巨锻匠,18,12,85,75,77,70,105,94,104,20,124,1002
炭小侍,1,1,40,50,40,50,40,30,18,49,49,1003
红莲铠骑,1,14,85,60,100,125,80,75,18,133,133,1004
苍炎刃鬼,1,16,75,125,80,60,100,85,18,133,133,1005
原野水母,11,3,40,40,35,50,100,70,298,298,298,1006
陆地水母,11,3,80,70,65,80,120,100,298,298,298,1007
仆刀将军,15,12,100,135,120,60,85,50,128,293,46,1008
土王,9,11,130,75,60,45,100,20,38,11,109,1009
弃世猴,6,16,110,115,80,50,90,90,72,39,128,1010
米立龙-下垂姿势,17,2,68,50,60,120,95,82,279,114,114,952
米立龙-平挺形态,17,2,68,50,60,120,95,82,279,114,114,952
月月熊-郝月,11,5,113,70,120,135,65,52,300,300,300,901
波荡水,2,17,99,83,91,125,83,109,281,281,281,1011
铁斑叶,3,14,90,130,88,70,108,104,282,282,282,1012
裹蜜虫,3,17,80,80,110,95,80,40,306,82,60,1013
斯摩茶,3,16,40,45,45,74,54,50,299,299,85,1014
斯摩茶-真品,3,16,40,45,45,74,54,50,299,299,85,1014
来悲粗茶,3,16,71,60,106,121,80,70,299,299,85,1015
来悲粗茶-杰作,3,16,71,60,106,121,80,70,299,299,85,1015
够赞狗,9,6,88,128,115,58,86,80,305,305,275,1016
愿增猿,9,14,88,75,66,130,90,106,305,305,119,1017
吉雉鸡,9,18,88,91,82,70,125,99,305,305,101,1018
厄诡椪,3,3,80,120,84,60,96,110,128,128,128,1019
厄诡椪-水井面具,3,2,80,120,84,60,96,110,11,11,11,1019
厄诡椪-火灶面具,3,1,80,120,84,60,96,110,104,104,104,1019
厄诡椪-础石面具,3,10,80,120,84,60,96,110,5,5,5,1019
厄诡椪-Teal-Tera,3,3,80,120,84,60,96,110,301,301,301,1019
厄诡椪-Wellspring-Tera,3,2,80,120,84,60,96,110,301,301,301,1019
厄诡椪-Hearthflame-Tera,3,1,80,120,84,60,96,110,301,301,301,1019
厄诡椪-Cornerstone-Tera,3,10,80,120,84,60,96,110,301,301,301,1019
铝钢桥龙,12,17,90,105,130,125,65,85,192,5,242,1020
密集大蛇,3,17,106,80,110,120,80,44,306,144,60,1021
破空焰,1,17,105,115,121,65,93,91,281,281,281,1022
猛雷鼓,4,17,125,73,91,137,89,75,281,281,281,1023
铁磐岩,10,14,90,120,80,68,108,124,282,282,282,1024
铁头壳,12,14,90,72,100,122,108,98,282,282,282,1025
太乐巴戈斯,5,5,90,65,85,65,85,60,307,307,307,1026
太乐巴戈斯-太晶化,5,5,95,95,110,105,110,85,308,308,308,1026
太乐巴戈斯-星晶化,5,5,160,105,110,130,110,85,309,309,309,1026
桃歹郎,9,16,88,88,160,88,88,88,310,310,310,1027